MTS793|BTW|ENU|1|0|.|/|:|1|0|0|A

Data Header:                                                Time:     1.9892578 s         3/30/2023 9:45:45 AM
Data Acquisition: Timed
Station Name: 10504712.cfg
Test File Name: Tracción.tst
Axial Displacement Axial Force Running Time
mm        N         s
0.00066376524 -0.97893178 0.01953125
0.0003928435 -0.54419041 0.029296875
5.1117968e-05 -0.38146973 0.0390625
0.0007412862 0.097826123 0.048828125
0.0079571679 8.3709507 0.05859375
0.022194099 25.304035 0.068359375
0.038238809 45.62825 0.078125
0.054242689 66.876633 0.087890625
0.071950778 87.521675 0.09765625
0.087907873 107.85184 0.10742188
0.10454546 128.61342 0.1171875
0.1213787 148.25777 0.12695313
0.13733502 168.00069 0.13671875
0.15386184 188.50089 0.14648438
0.17087956 208.32367 0.15625
0.18763   228.54962 0.16601563
0.20442222 249.09213 0.17578125
0.22107995 268.12793 0.18554688
0.23703128 287.22852 0.1953125
0.25377291 306.41235 0.20507813
0.27060014 325.93335 0.21484375
0.28597626 345.267  0.22460938
0.30368552 365.37564 0.234375
0.31936923 384.16708 0.24414063
0.33672041 403.95981 0.25390625
0.35352951 423.19684 0.26367188
0.36976233 442.34976 0.2734375
0.38551089 461.02228 0.28320313
0.40185878 479.56342 0.29296875
0.41771156 498.15552 0.30273438
0.43438992 516.66608 0.3125
0.45137954 535.88593 0.32226563
0.46805981 554.97491 0.33203125
0.48512977 574.43872 0.34179688
0.50155437 593.85602 0.3515625
0.51783836 611.76703 0.36132813
0.53444147 629.91858 0.37109375
0.55141836 648.20819 0.38085938
0.56850553 666.77832 0.390625
0.58496386 685.396  0.40039063
0.60098022 703.43695 0.41015625
0.61674702 720.6109 0.41992188
0.63362277 738.23975 0.4296875
0.6499272 756.37054 0.43945313
0.66675073 774.3385 0.44921875
0.68365508 792.39734 0.45898438
0.69987363 810.12494 0.46875
0.71717685 828.31305 0.47851563
0.73386306 845.46991 0.48828125
0.74928206 861.80743 0.49804688
0.76568937 878.36584 0.5078125
0.78191429 895.10626 0.51757813
0.79898888 912.57739 0.52734375
0.81556672 929.38464 0.53710938
0.83213001 946.25323 0.546875
0.84818524 962.47546 0.55664063
0.86561871 978.80585 0.56640625
0.88161981 995.8316 0.57617188
0.89825213 1012.1066 0.5859375
0.91489577 1028.3457 0.59570313
0.93134451 1044.5975 0.60546875
0.94778222 1060.6486 0.61523438
0.96511906 1076.6167 0.625
0.9814834 1092.115  0.63476563
0.99748033 1107.505 0.64453125
1.0142936 1123.233  0.65429688
1.0313903 1138.9309 0.6640625
1.047722  1154.2443 0.67382813
1.0639486 1169.0933 0.68359375
1.0809486 1182.9554 0.69335938
1.0972011 1197.2872 0.703125
1.1137829 1211.7687 0.71289063
1.130538  1226.5049 0.72265625
1.1473129 1240.3199 0.73242188
1.1630741 1253.3433 0.7421875
1.1802571 1265.7239 0.75195313
1.1961157 1277.6956 0.76171875
1.2129579 1290.089  0.77148438
1.2301037 1302.1411 0.78125
1.247059  1313.6227 0.79101563
1.2623065 1323.2732 0.80078125
1.2799895 1332.3    0.81054688
1.2961345 1340.5536 0.8203125
1.3130198 1347.4657 0.83007813
1.3299837 1353.5649 0.83984375
1.3461396 1358.4695 0.84960938
1.3628224 1360.9852 0.859375
1.3795177 1361.3811 0.86914063
1.3957428 1360.2693 0.87890625
1.4134083 1357.9414 0.88867188
1.4296333 1353.5959 0.8984375
1.4467223 1347.5405 0.90820313
1.4630121 1339.8835 0.91796875
1.4793525 1331.2563 0.92773438
1.4953494 1322.2903 0.9375
1.5123626 1313.4841 0.94726563
1.5284443 1304.7699 0.95703125
1.545627  1296.4963 0.96679688
1.5625699 1288.0042 0.9765625
1.5793387 1279.3987 0.98632813
1.5967102 1268.038  0.99609375
1.6129527 1250.3928 1.0058594
1.6523013 -108.23875 1.015625
1.6693463 51.270126 1.0253906
1.661701  44.977741 1.0351563
1.6857101 -37.476719 1.0449219
1.7004542 -3.9170682 1.0546875
1.7170026 -4.5086441 1.0644531
1.7351869 -5.5932999 1.0742188
1.7505264 -4.66682  1.0839844
1.7671863 -23.076162 1.09375
1.7838693 -25.87989 1.1035156
1.8001351 -9.2200937 1.1132813
1.8167946 0.048205256 1.1230469
1.8330005 -6.8768859 1.1328125
1.8499703 -14.015958 1.1425781
1.8671156 -16.674698 1.1523438
1.8831398 -16.237944 1.1621094
1.8999435 -12.745484 1.171875
1.9174169 -10.18472 1.1816406
1.9332453 -8.4532795 1.1914063
1.9500363 -8.7527933 1.2011719
1.967448  -9.6721201 1.2109375
1.9841356 -10.570511 1.2207031
2.0005081 -11.466965 1.2304688
2.0160856 -11.697486 1.2402344
2.0327094 -11.026189 1.25
2.0490897 -10.570362 1.2597656
2.0657713 -9.9832563 1.2695313
2.0823026 -10.278374 1.2792969
2.0983052 -10.421127 1.2890625
2.1149809 -11.710525 1.2988281
2.1318064 -12.17559 1.3085938
2.1482291 -12.224168 1.3183594
2.1650596 -11.909231 1.328125
2.1816778 -11.444911 1.3378906
2.1988835 -11.22199 1.3476563
2.2153883 -10.914281 1.3574219
2.2306116 -11.438876 1.3671875
2.2482586 -11.996925 1.3769531
2.2643602 -12.374147 1.3867188
2.2808964 -12.362898 1.3964844
2.2978029 -11.356995 1.40625
2.3143065 -11.196584 1.4160156
2.3303404 -10.974333 1.4257813
2.3476031 -11.842847 1.4355469
2.3636267 -11.963919 1.4453125
2.3800931 -11.905655 1.4550781
2.3967841 -11.819527 1.4648438
2.4125745 -11.513308 1.4746094
2.4302545 -11.306852 1.484375
2.4468639 -11.277795 1.4941406
2.4634032 -11.355281 1.5039063
2.4803102 -12.557059 1.5136719
2.4967368 -12.110397 1.5234375
2.5128546 -11.637062 1.5332031
2.529855  -10.504574 1.5429688
2.5458441 -11.43612 1.5527344
2.5625079 -11.750012 1.5625
2.5791883 -12.055188 1.5722656
2.5966816 -12.090206 1.5820313
2.6122949 -11.511892 1.5917969
2.6292777 -11.402592 1.6015625
2.6453428 -11.419728 1.6113281
2.6612115 -11.526049 1.6210938
2.6781876 -12.265965 1.6308594
2.6953497 -12.183711 1.640625
2.7117832 -12.247786 1.6503906
2.7272108 -11.37659 1.6601563
2.7444623 -11.330024 1.6699219
2.7608523 -11.594593 1.6796875
2.7781224 -12.143925 1.6894531
2.7933276 -12.312531 1.6992188
2.8109503 -12.91275 1.7089844
2.8270643 -11.891723 1.71875
2.8441885 -11.734441 1.7285156
2.8613567 -11.597649 1.7382813
2.8778677 -12.156293 1.7480469
2.8929124 -12.611151 1.7578125
2.9107163 -13.001338 1.7675781
2.9269135 -11.694654 1.7773438
2.9437637 -11.792332 1.7871094
2.9598773 -11.415854 1.796875
2.9771888 -11.890232 1.8066406
2.9928908 -11.968464 1.8164063
3.0105674 -12.33764 1.8261719
3.0265307 -12.262016 1.8359375
3.0423729 -11.556596 1.8457031
3.0589762 -11.401325 1.8554688
3.0760722 -11.016279 1.8652344
3.0931206 -11.628345 1.875
3.1091077 -12.290329 1.8847656
3.1258912 -12.337417 1.8945313
3.1423512 -12.03537 1.9042969
3.1586285 -11.454299 1.9140625
3.1764896 -11.957437 1.9238281
3.193131  -11.968986 1.9335938
3.2090263 -12.433231 1.9433594
3.2254288 -12.42049 1.953125
3.2423539 -12.58418 1.9628906
3.2592235 -12.069643 1.9726563
3.2752917 -11.486485 1.9824219

