G.U.N.T. Gerätebau GmbH
Hanskampring 15-17 , D- 22885 BarsbüttelPhone: +49 40 / 67 08 54 - 0 , Fax: +49 40 / 67 08 54 - 42

Fecha : 9/5/2023	Tiempo: 14:12:14

WP 510	Máquina para ensayo de torsión, 200Nm

Nombre


Comentario


Cálculos
M_tb	4.237059 Nm
tau_tb	0.018819N/mm^2


Valores medidos
#	Ángulo de torsión en deg 	Ángulo de deslizamiento en rad 	Momento de torsión en Nm 	Tensión de cizallamiento en N/mm^2 
1,00	1,00	0,00	2,06	0,01
2,00	2,00	0,00	2,09	0,01
3,00	3,00	0,00	2,18	0,01
4,00	4,10	0,00	1,79	0,01
5,00	5,10	0,01	1,86	0,01
6,00	6,20	0,01	1,95	0,01
7,00	7,20	0,01	1,78	0,01
8,00	8,20	0,01	1,71	0,01
9,00	9,20	0,01	1,51	0,01
10,00	10,20	0,01	1,34	0,01
11,00	11,30	0,01	1,37	0,01
12,00	12,30	0,01	1,23	0,01
13,00	13,30	0,01	1,05	0,00
14,00	14,30	0,02	0,86	0,00
15,00	15,30	0,02	0,59	0,00
16,00	16,40	0,02	0,38	0,00
17,00	17,40	0,02	0,09	0,00
18,00	18,40	0,02	0,25	0,00
19,00	19,40	0,02	0,25	0,00
20,00	20,40	0,02	0,25	0,00
21,00	21,40	0,02	0,41	0,00
22,00	22,50	0,02	0,64	0,00
23,00	23,50	0,03	0,86	0,00
24,00	24,50	0,03	1,03	0,00
25,00	25,50	0,03	1,29	0,01
26,00	26,50	0,03	1,25	0,01
27,00	27,50	0,03	1,41	0,01
28,00	28,50	0,03	1,60	0,01
29,00	29,50	0,03	1,67	0,01
30,00	30,50	0,03	1,81	0,01
31,00	31,50	0,03	2,07	0,01
32,00	32,50	0,04	2,14	0,01
33,00	33,50	0,04	2,29	0,01
34,00	34,50	0,04	2,44	0,01
35,00	35,50	0,04	2,76	0,01
36,00	36,50	0,04	2,76	0,01
37,00	37,50	0,04	2,82	0,01
38,00	38,50	0,04	2,63	0,01
39,00	39,50	0,04	2,84	0,01
40,00	40,50	0,04	3,00	0,01
41,00	41,50	0,05	2,79	0,01
42,00	42,50	0,05	2,72	0,01
43,00	43,50	0,05	2,68	0,01
44,00	44,50	0,05	2,79	0,01
45,00	45,50	0,05	3,09	0,01
46,00	46,50	0,05	3,26	0,01
47,00	47,50	0,05	3,35	0,01
48,00	48,50	0,05	3,39	0,02
49,00	49,50	0,05	3,40	0,02
50,00	50,50	0,06	3,36	0,01
51,00	51,50	0,06	3,62	0,02
52,00	52,50	0,06	3,44	0,02
53,00	53,50	0,06	3,47	0,02
54,00	54,50	0,06	3,45	0,02
55,00	55,50	0,06	3,56	0,02
56,00	56,60	0,06	3,56	0,02
57,00	57,70	0,06	3,66	0,02
58,00	58,70	0,06	3,60	0,02
59,00	59,70	0,07	3,39	0,02
60,00	60,70	0,07	3,60	0,02
61,00	61,70	0,07	3,75	0,02
62,00	62,70	0,07	3,69	0,02
63,00	63,70	0,07	3,76	0,02
64,00	64,80	0,07	3,83	0,02
65,00	65,80	0,07	3,68	0,02
66,00	66,80	0,07	3,57	0,02
67,00	67,80	0,07	3,58	0,02
68,00	68,80	0,08	3,50	0,02
69,00	69,80	0,08	3,73	0,02
70,00	70,80	0,08	3,71	0,02
71,00	71,80	0,08	3,77	0,02
72,00	72,80	0,08	3,73	0,02
73,00	73,80	0,08	3,68	0,02
74,00	74,80	0,08	3,84	0,02
75,00	75,80	0,08	3,89	0,02
76,00	76,80	0,08	3,81	0,02
77,00	77,90	0,09	3,82	0,02
78,00	78,90	0,09	3,92	0,02
79,00	79,90	0,09	3,91	0,02
80,00	80,90	0,09	3,99	0,02
81,00	81,90	0,09	3,93	0,02
82,00	82,90	0,09	3,71	0,02
83,00	83,90	0,09	3,71	0,02
84,00	84,90	0,09	3,77	0,02
85,00	85,90	0,09	3,74	0,02
86,00	86,90	0,10	4,00	0,02
87,00	87,90	0,10	4,02	0,02
88,00	88,90	0,10	4,07	0,02
89,00	89,90	0,10	4,10	0,02
90,00	90,90	0,10	4,24	0,02
91,00	91,90	0,10	3,90	0,02
92,00	92,90	0,10	3,77	0,02
93,00	94,00	0,10	3,91	0,02
94,00	95,00	0,10	4,02	0,02
95,00	96,00	0,11	3,98	0,02
96,00	97,10	0,11	4,00	0,02
97,00	98,10	0,11	3,99	0,02
98,00	99,20	0,11	3,95	0,02
99,00	100,20	0,11	4,03	0,02
100,00	101,20	0,11	3,99	0,02
101,00	102,30	0,11	4,04	0,02
102,00	103,30	0,11	4,00	0,02
103,00	104,30	0,11	3,84	0,02
104,00	105,40	0,12	3,66	0,02
105,00	106,40	0,12	3,63	0,02
106,00	107,40	0,12	3,28	0,01
107,00	108,50	0,12	3,29	0,01
108,00	109,50	0,12	3,10	0,01
109,00	110,60	0,12	3,05	0,01
110,00	111,60	0,12	2,81	0,01
111,00	112,60	0,12	2,60	0,01
112,00	113,70	0,13	2,80	0,01
113,00	114,70	0,13	2,86	0,01
114,00	115,70	0,13	2,83	0,01
115,00	116,80	0,13	2,84	0,01
116,00	117,80	0,13	2,87	0,01
117,00	118,80	0,13	2,65	0,01
118,00	119,90	0,13	2,90	0,01
119,00	120,90	0,13	2,89	0,01
120,00	121,90	0,13	2,93	0,01
121,00	123,00	0,14	3,06	0,01
122,00	124,00	0,14	3,02	0,01
123,00	125,10	0,14	3,05	0,01
124,00	126,10	0,14	3,10	0,01
125,00	127,10	0,14	3,23	0,01
126,00	128,20	0,14	3,10	0,01
127,00	129,20	0,14	3,00	0,01
128,00	130,20	0,14	3,01	0,01
129,00	131,30	0,14	3,16	0,01
130,00	132,30	0,15	3,14	0,01
131,00	133,30	0,15	3,16	0,01
132,00	134,30	0,15	3,25	0,01
133,00	135,30	0,15	3,31	0,01
134,00	136,30	0,15	3,06	0,01
135,00	137,30	0,15	3,33	0,01
136,00	138,30	0,15	3,20	0,01
137,00	139,30	0,15	3,17	0,01
138,00	140,30	0,15	3,28	0,01
139,00	141,30	0,16	3,40	0,02
140,00	142,30	0,16	3,48	0,02
141,00	143,30	0,16	3,31	0,01
142,00	144,30	0,16	3,18	0,01
143,00	145,30	0,16	3,06	0,01
144,00	146,30	0,16	3,19	0,01
145,00	147,30	0,16	3,11	0,01
146,00	148,30	0,16	3,08	0,01
147,00	149,30	0,16	3,13	0,01
148,00	150,30	0,17	3,02	0,01
149,00	151,30	0,17	3,16	0,01
150,00	152,30	0,17	2,98	0,01
151,00	153,30	0,17	3,04	0,01
152,00	154,30	0,17	3,23	0,01
153,00	155,30	0,17	3,18	0,01
154,00	156,30	0,17	3,22	0,01
155,00	157,30	0,17	3,12	0,01
156,00	158,30	0,17	3,06	0,01
157,00	159,30	0,18	3,13	0,01
158,00	160,30	0,18	3,06	0,01
159,00	161,30	0,18	3,00	0,01
160,00	162,40	0,18	3,09	0,01
161,00	163,40	0,18	3,10	0,01
162,00	164,40	0,18	3,21	0,01
163,00	165,50	0,18	3,03	0,01
164,00	166,50	0,18	3,23	0,01
165,00	167,50	0,18	3,11	0,01
166,00	168,50	0,19	3,24	0,01
167,00	169,50	0,19	3,22	0,01
168,00	170,50	0,19	3,31	0,01
169,00	171,50	0,19	2,98	0,01
170,00	172,50	0,19	3,04	0,01
171,00	173,50	0,19	2,97	0,01
172,00	174,50	0,19	2,70	0,01
173,00	175,50	0,19	2,74	0,01
174,00	176,50	0,19	2,79	0,01
175,00	177,50	0,20	2,69	0,01
176,00	178,50	0,20	2,68	0,01
177,00	179,50	0,20	2,69	0,01
178,00	180,50	0,20	2,72	0,01
179,00	181,50	0,20	2,94	0,01
180,00	182,60	0,20	2,91	0,01
181,00	183,70	0,20	2,71	0,01
182,00	184,70	0,20	2,66	0,01
183,00	185,70	0,20	2,67	0,01
184,00	186,70	0,21	2,45	0,01
185,00	187,80	0,21	2,37	0,01
186,00	188,80	0,21	2,38	0,01
187,00	189,80	0,21	2,35	0,01
188,00	190,90	0,21	2,45	0,01
189,00	192,00	0,21	2,41	0,01
190,00	193,10	0,21	2,58	0,01
191,00	194,10	0,21	2,67	0,01
192,00	195,10	0,21	2,61	0,01
193,00	196,20	0,22	2,70	0,01
194,00	197,30	0,22	2,55	0,01
195,00	198,30	0,22	2,60	0,01
196,00	199,30	0,22	2,44	0,01
197,00	200,30	0,22	2,55	0,01
198,00	201,30	0,22	2,52	0,01
199,00	202,40	0,22	2,58	0,01
200,00	203,50	0,22	2,44	0,01
201,00	204,50	0,23	2,23	0,01
202,00	205,50	0,23	2,23	0,01
203,00	206,50	0,23	2,39	0,01
204,00	207,60	0,23	2,49	0,01
205,00	208,60	0,23	2,62	0,01
206,00	209,60	0,23	2,63	0,01
207,00	210,70	0,23	2,81	0,01
208,00	211,80	0,23	3,01	0,01
209,00	212,80	0,23	2,87	0,01
210,00	213,80	0,24	2,81	0,01
211,00	214,80	0,24	2,64	0,01
212,00	215,80	0,24	2,42	0,01
213,00	216,90	0,24	2,38	0,01
214,00	218,00	0,24	2,52	0,01
215,00	219,00	0,24	2,58	0,01
216,00	220,00	0,24	2,60	0,01
217,00	221,10	0,24	2,44	0,01
218,00	222,20	0,24	2,50	0,01
219,00	223,30	0,25	2,33	0,01
220,00	224,30	0,25	2,39	0,01
221,00	225,30	0,25	2,34	0,01
222,00	226,40	0,25	2,38	0,01
223,00	227,50	0,25	2,35	0,01
224,00	228,50	0,25	2,55	0,01
225,00	229,50	0,25	2,71	0,01
226,00	230,50	0,25	2,65	0,01
227,00	231,60	0,25	2,60	0,01
228,00	232,60	0,26	2,48	0,01
229,00	233,60	0,26	2,53	0,01
230,00	234,70	0,26	2,46	0,01
231,00	235,80	0,26	2,28	0,01
232,00	236,80	0,26	2,31	0,01
233,00	237,90	0,26	2,50	0,01
234,00	239,00	0,26	2,32	0,01
235,00	240,00	0,26	2,47	0,01
236,00	241,00	0,27	2,60	0,01
237,00	242,10	0,27	2,63	0,01
238,00	243,20	0,27	2,57	0,01
239,00	244,20	0,27	2,47	0,01
240,00	245,20	0,27	2,56	0,01
241,00	246,20	0,27	2,42	0,01
242,00	247,30	0,27	2,25	0,01
243,00	248,30	0,27	2,11	0,01
244,00	249,30	0,27	2,20	0,01
245,00	250,40	0,28	2,51	0,01
246,00	251,50	0,28	2,50	0,01
247,00	252,60	0,28	2,39	0,01
248,00	253,60	0,28	2,45	0,01
249,00	254,60	0,28	2,38	0,01
250,00	255,70	0,28	2,43	0,01
251,00	256,70	0,28	2,55	0,01
252,00	257,80	0,28	2,51	0,01
253,00	258,90	0,28	2,52	0,01
254,00	260,00	0,29	2,52	0,01
255,00	261,00	0,29	2,46	0,01
256,00	262,00	0,29	2,43	0,01
257,00	263,00	0,29	2,65	0,01
258,00	264,00	0,29	2,51	0,01
259,00	265,00	0,29	2,35	0,01
260,00	266,00	0,29	2,58	0,01
261,00	267,00	0,29	2,56	0,01
262,00	268,00	0,29	2,79	0,01
263,00	269,00	0,30	2,68	0,01
264,00	270,00	0,30	2,76	0,01
265,00	271,00	0,30	2,63	0,01
266,00	272,00	0,30	2,73	0,01
267,00	273,00	0,30	2,74	0,01
268,00	274,00	0,30	2,84	0,01
269,00	275,00	0,30	2,72	0,01
270,00	276,00	0,30	2,70	0,01
271,00	277,00	0,30	2,52	0,01
272,00	278,00	0,31	2,47	0,01
273,00	279,00	0,31	2,41	0,01
274,00	280,00	0,31	2,62	0,01
275,00	281,00	0,31	2,79	0,01
276,00	282,00	0,31	2,72	0,01
277,00	283,00	0,31	2,87	0,01
278,00	284,00	0,31	2,87	0,01
279,00	285,00	0,31	2,88	0,01
280,00	286,00	0,31	2,73	0,01
281,00	287,00	0,32	2,50	0,01
282,00	288,00	0,32	2,52	0,01
283,00	289,00	0,32	2,27	0,01
284,00	290,00	0,32	2,27	0,01
285,00	291,00	0,32	2,27	0,01
286,00	292,00	0,32	2,31	0,01
287,00	293,00	0,32	2,37	0,01
288,00	294,00	0,32	2,52	0,01
289,00	295,00	0,32	2,62	0,01
290,00	296,00	0,33	2,50	0,01
291,00	297,00	0,33	2,75	0,01
292,00	298,00	0,33	2,65	0,01
293,00	299,00	0,33	2,76	0,01
294,00	300,00	0,33	2,70	0,01
295,00	301,00	0,33	2,77	0,01
296,00	302,00	0,33	2,73	0,01
297,00	303,00	0,33	2,61	0,01
298,00	304,00	0,33	2,79	0,01
299,00	305,00	0,34	2,63	0,01
300,00	306,00	0,34	2,64	0,01
301,00	307,00	0,34	2,60	0,01
302,00	308,00	0,34	2,73	0,01
303,00	309,00	0,34	2,70	0,01
304,00	310,00	0,34	2,80	0,01
305,00	311,00	0,34	2,75	0,01
306,00	312,00	0,34	2,61	0,01
307,00	313,00	0,34	2,32	0,01
308,00	314,00	0,35	2,42	0,01
309,00	315,00	0,35	2,38	0,01
310,00	316,00	0,35	2,38	0,01
311,00	317,00	0,35	2,63	0,01
312,00	318,00	0,35	2,72	0,01
313,00	319,00	0,35	2,73	0,01
314,00	320,00	0,35	2,64	0,01
315,00	321,00	0,35	2,68	0,01
316,00	322,00	0,35	2,71	0,01
317,00	323,00	0,36	2,57	0,01
318,00	324,00	0,36	2,48	0,01
319,00	325,00	0,36	2,41	0,01
320,00	326,00	0,36	2,52	0,01
321,00	327,00	0,36	2,50	0,01
322,00	328,00	0,36	2,69	0,01
323,00	329,00	0,36	2,62	0,01
324,00	330,00	0,36	2,47	0,01
325,00	331,00	0,36	2,70	0,01
326,00	332,00	0,37	2,67	0,01
327,00	333,00	0,37	2,68	0,01
328,00	334,00	0,37	2,66	0,01
329,00	335,00	0,37	2,71	0,01
330,00	336,00	0,37	2,78	0,01
331,00	337,00	0,37	2,64	0,01
332,00	338,00	0,37	2,56	0,01
333,00	339,00	0,37	2,49	0,01
334,00	340,00	0,37	2,35	0,01
335,00	341,00	0,38	2,45	0,01
336,00	342,00	0,38	2,66	0,01
337,00	343,00	0,38	2,55	0,01
338,00	344,00	0,38	2,62	0,01
339,00	345,00	0,38	2,58	0,01
340,00	346,00	0,38	2,54	0,01
341,00	347,00	0,38	2,80	0,01
342,00	348,00	0,38	2,70	0,01
343,00	349,00	0,38	2,74	0,01
344,00	350,00	0,39	2,57	0,01
345,00	351,00	0,39	2,49	0,01
346,00	352,00	0,39	2,35	0,01
347,00	353,00	0,39	2,63	0,01
348,00	354,00	0,39	2,64	0,01
349,00	355,00	0,39	2,62	0,01
350,00	356,00	0,39	2,64	0,01
351,00	357,00	0,39	2,48	0,01
352,00	358,00	0,39	2,39	0,01
353,00	359,00	0,40	2,65	0,01
354,00	360,00	0,40	2,61	0,01
355,00	361,00	0,40	2,67	0,01
356,00	362,10	0,40	2,62	0,01
357,00	363,20	0,40	2,53	0,01
358,00	364,20	0,40	2,53	0,01
359,00	365,20	0,40	2,55	0,01
360,00	366,30	0,40	2,64	0,01
361,00	367,40	0,40	2,62	0,01
362,00	368,40	0,41	2,66	0,01
363,00	369,40	0,41	2,93	0,01
364,00	370,40	0,41	2,94	0,01
365,00	371,50	0,41	2,77	0,01
366,00	372,50	0,41	2,63	0,01
367,00	373,50	0,41	2,86	0,01
368,00	374,60	0,41	2,85	0,01
369,00	375,70	0,41	2,81	0,01
370,00	376,70	0,41	2,60	0,01
371,00	377,70	0,42	2,71	0,01
372,00	378,70	0,42	2,91	0,01
373,00	379,80	0,42	2,80	0,01
374,00	380,80	0,42	2,85	0,01
375,00	381,80	0,42	2,74	0,01
376,00	382,90	0,42	2,79	0,01
377,00	384,00	0,42	2,76	0,01
378,00	385,10	0,42	2,75	0,01
379,00	386,10	0,42	2,64	0,01
380,00	387,10	0,43	2,74	0,01
381,00	388,20	0,43	2,63	0,01
382,00	389,30	0,43	2,70	0,01
383,00	390,40	0,43	2,69	0,01
384,00	391,40	0,43	2,71	0,01
385,00	392,40	0,43	2,75	0,01
386,00	393,50	0,43	2,78	0,01
387,00	394,60	0,43	2,67	0,01
388,00	395,60	0,44	2,68	0,01
389,00	396,60	0,44	2,56	0,01
390,00	397,60	0,44	2,50	0,01
391,00	398,70	0,44	2,46	0,01
392,00	399,70	0,44	2,58	0,01
393,00	400,70	0,44	2,80	0,01
394,00	401,80	0,44	2,81	0,01
395,00	402,90	0,44	2,81	0,01
396,00	403,90	0,44	2,84	0,01
397,00	404,90	0,45	2,73	0,01
398,00	405,90	0,45	2,83	0,01
399,00	407,00	0,45	2,79	0,01
400,00	408,00	0,45	2,72	0,01
401,00	409,00	0,45	2,64	0,01
402,00	410,10	0,45	2,65	0,01
403,00	411,20	0,45	2,81	0,01
404,00	412,20	0,45	2,74	0,01
405,00	413,20	0,45	2,70	0,01
406,00	414,20	0,46	2,83	0,01
407,00	415,30	0,46	2,62	0,01
408,00	416,30	0,46	2,58	0,01
409,00	417,30	0,46	2,71	0,01
410,00	418,40	0,46	2,50	0,01
411,00	419,50	0,46	2,62	0,01
412,00	420,50	0,46	2,65	0,01
413,00	421,50	0,46	2,75	0,01
414,00	422,50	0,46	2,66	0,01
415,00	423,60	0,47	2,67	0,01
416,00	424,60	0,47	2,85	0,01
417,00	425,60	0,47	2,82	0,01
418,00	426,70	0,47	2,93	0,01
419,00	427,80	0,47	2,82	0,01
420,00	428,80	0,47	2,78	0,01
421,00	429,80	0,47	2,77	0,01
422,00	430,80	0,47	2,68	0,01
423,00	431,90	0,48	2,79	0,01
424,00	432,90	0,48	2,87	0,01
425,00	433,90	0,48	2,75	0,01
426,00	435,00	0,48	2,82	0,01
427,00	436,00	0,48	2,69	0,01
428,00	437,00	0,48	2,49	0,01
429,00	438,00	0,48	2,51	0,01
430,00	439,10	0,48	2,48	0,01
431,00	440,20	0,48	2,56	0,01
432,00	441,30	0,49	2,79	0,01
433,00	442,30	0,49	2,75	0,01
434,00	443,30	0,49	2,72	0,01
435,00	444,40	0,49	2,89	0,01
436,00	445,40	0,49	2,71	0,01
437,00	446,40	0,49	2,74	0,01
438,00	447,40	0,49	2,65	0,01
439,00	448,50	0,49	2,68	0,01
440,00	449,60	0,49	2,91	0,01
441,00	450,60	0,50	2,56	0,01
442,00	451,60	0,50	2,53	0,01
443,00	452,70	0,50	2,70	0,01
444,00	453,70	0,50	2,71	0,01
445,00	454,70	0,50	2,70	0,01
446,00	455,70	0,50	2,58	0,01
447,00	456,80	0,50	2,48	0,01
448,00	457,90	0,50	2,62	0,01
449,00	458,90	0,51	2,75	0,01
450,00	459,90	0,51	2,82	0,01
451,00	461,00	0,51	2,96	0,01
452,00	462,00	0,51	3,09	0,01
453,00	463,00	0,51	3,09	0,01
454,00	464,00	0,51	2,94	0,01
455,00	465,00	0,51	2,88	0,01
456,00	466,00	0,51	3,05	0,01
457,00	467,00	0,51	3,13	0,01
458,00	468,10	0,52	2,83	0,01
459,00	469,10	0,52	2,76	0,01
460,00	470,10	0,52	2,69	0,01
461,00	471,10	0,52	2,72	0,01
462,00	472,20	0,52	2,87	0,01
463,00	473,30	0,52	2,85	0,01
464,00	474,30	0,52	2,86	0,01
465,00	475,30	0,52	2,79	0,01
466,00	476,40	0,52	2,97	0,01
467,00	477,40	0,53	2,91	0,01
468,00	478,40	0,53	2,93	0,01
469,00	479,40	0,53	2,94	0,01
470,00	480,50	0,53	2,89	0,01
471,00	481,60	0,53	2,94	0,01
472,00	482,60	0,53	3,22	0,01
473,00	483,60	0,53	3,29	0,01
474,00	484,70	0,53	3,16	0,01
475,00	485,70	0,53	3,10	0,01
476,00	486,70	0,54	3,11	0,01
477,00	487,70	0,54	3,14	0,01
478,00	488,80	0,54	2,79	0,01
479,00	489,90	0,54	2,84	0,01
480,00	491,00	0,54	2,90	0,01
481,00	492,00	0,54	2,95	0,01
482,00	493,10	0,54	3,19	0,01
483,00	494,20	0,54	3,21	0,01
484,00	495,30	0,55	3,18	0,01
485,00	496,30	0,55	3,10	0,01
486,00	497,30	0,55	2,91	0,01
487,00	498,30	0,55	2,86	0,01
488,00	499,40	0,55	2,90	0,01
489,00	500,50	0,55	3,03	0,01
490,00	501,50	0,55	2,95	0,01
491,00	502,50	0,55	2,89	0,01
492,00	503,50	0,55	2,92	0,01
493,00	504,50	0,56	2,83	0,01
494,00	505,50	0,56	2,89	0,01
495,00	506,50	0,56	2,96	0,01
496,00	507,60	0,56	2,93	0,01
497,00	508,60	0,56	3,11	0,01
498,00	509,60	0,56	3,29	0,01
499,00	510,70	0,56	3,08	0,01
500,00	511,70	0,56	2,90	0,01
501,00	512,70	0,56	3,06	0,01
502,00	513,70	0,57	3,02	0,01
503,00	514,70	0,57	2,92	0,01
504,00	515,70	0,57	2,97	0,01
505,00	516,70	0,57	3,00	0,01
506,00	517,70	0,57	2,92	0,01
507,00	518,70	0,57	2,87	0,01
508,00	519,70	0,57	2,93	0,01
509,00	520,70	0,57	2,84	0,01
510,00	521,70	0,57	2,94	0,01
511,00	522,70	0,58	3,08	0,01
512,00	523,80	0,58	3,04	0,01
513,00	524,80	0,58	2,95	0,01
514,00	525,80	0,58	2,80	0,01
515,00	526,80	0,58	2,87	0,01
516,00	527,80	0,58	3,03	0,01
517,00	528,90	0,58	2,98	0,01
518,00	529,90	0,58	2,95	0,01
519,00	530,90	0,58	3,08	0,01
520,00	532,00	0,59	3,01	0,01
521,00	533,00	0,59	2,93	0,01
522,00	534,00	0,59	2,96	0,01
523,00	535,00	0,59	2,99	0,01
524,00	536,00	0,59	2,98	0,01
525,00	537,00	0,59	2,88	0,01
526,00	538,00	0,59	2,80	0,01
527,00	539,00	0,59	2,68	0,01
528,00	540,00	0,59	2,38	0,01
529,00	541,00	0,60	2,27	0,01
530,00	542,00	0,60	2,37	0,01
531,00	543,00	0,60	2,41	0,01
532,00	544,00	0,60	2,30	0,01
533,00	545,00	0,60	2,10	0,01
534,00	546,00	0,60	2,08	0,01
535,00	547,00	0,60	2,01	0,01
536,00	548,00	0,60	1,97	0,01
537,00	549,00	0,60	2,06	0,01
538,00	550,00	0,61	2,09	0,01
539,00	551,00	0,61	2,21	0,01
540,00	552,00	0,61	2,17	0,01
541,00	553,00	0,61	2,20	0,01
542,00	554,00	0,61	2,05	0,01
543,00	555,00	0,61	2,09	0,01
544,00	556,00	0,61	1,90	0,01
545,00	557,00	0,61	1,87	0,01
546,00	558,00	0,61	1,72	0,01
547,00	559,00	0,62	1,69	0,01
548,00	560,00	0,62	1,71	0,01
549,00	561,00	0,62	1,85	0,01
550,00	562,00	0,62	1,80	0,01
551,00	563,00	0,62	1,71	0,01
552,00	564,00	0,62	2,04	0,01
553,00	565,00	0,62	2,19	0,01
554,00	566,00	0,62	2,29	0,01
555,00	567,00	0,62	2,05	0,01
556,00	568,00	0,63	1,75	0,01
557,00	569,00	0,63	1,58	0,01
558,00	570,00	0,63	1,65	0,01
559,00	571,00	0,63	1,71	0,01
560,00	572,00	0,63	1,70	0,01
