MTS793|BTW|ENU|1|0|.|/|:|1|0|0|A

Data Header:                                                Time:     1.8300781 s         3/30/2023 12:19:18 PM
Data Acquisition: Timed
Station Name: 10504712.cfg
Test File Name: Tracción.tst
Axial Displacement Axial Force Running Time
mm        N         s
-0.0002702116 0.853315 0.01953125
-0.00067325309 0.05081296 0.029296875
-0.0002640998 -0.17635524 0.0390625
-0.00010246877 -0.091642141 0.048828125
0.0034667784 3.0749292 0.05859375
0.015287183 15.359222 0.068359375
0.032586221 30.786991 0.078125
0.051708601 47.842262 0.087890625
0.068901397 63.074306 0.09765625
0.084981337 77.714546 0.10742188
0.10137834 92.081726 0.1171875
0.11759532 106.7952 0.12695313
0.13496394 122.54327 0.13671875
0.15104261 137.06163 0.14648438
0.16817242 151.42865 0.15625
0.18384753 165.13817 0.16601563
0.19986127 178.8602 0.17578125
0.2172823 193.61713 0.18554688
0.2327507 207.96225 0.1953125
0.24893101 222.76886 0.20507813
0.26611355 237.45358 0.21484375
0.2829642 250.6938  0.22460938
0.29906279 265.29147 0.234375
0.31570548 278.72806 0.24414063
0.33140707 293.414  0.25390625
0.34913644 308.0567 0.26367188
0.36485353 321.36285 0.2734375
0.38098693 335.57004 0.28320313
0.39899337 348.83499 0.29296875
0.41432244 362.88763 0.30273438
0.43171835 377.33133 0.3125
0.44724521 391.25793 0.32226563
0.46499804 405.56729 0.33203125
0.48186791 418.56946 0.34179688
0.49747992 431.92072 0.3515625
0.51479256 445.62222 0.36132813
0.5314638 458.92538 0.37109375
0.54870087 473.6088 0.38085938
0.56483084 487.56845 0.390625
0.58099777 500.45721 0.40039063
0.59713399 512.75623 0.41015625
0.61367476 525.53925 0.41992188
0.62973124 538.59686 0.4296875
0.64657754 551.91138 0.43945313
0.66320628 565.25366 0.44921875
0.68052053 578.67981 0.45898438
0.69716996 590.9245 0.46875
0.71324778 603.29462 0.47851563
0.72926736 615.40424 0.48828125
0.74603945 627.98248 0.49804688
0.76214463 641.52863 0.5078125
0.77904356 653.55176 0.51757813
0.79572624 666.06219 0.52734375
0.81150758 677.77222 0.53710938
0.82842088 689.24152 0.546875
0.84468418 701.77484 0.55664063
0.86116421 713.54071 0.56640625
0.87760848 725.71747 0.57617188
0.89398497 737.58392 0.5859375
0.91085374 749.05817 0.59570313
0.92789066 760.36096 0.60546875
0.94350499 771.77753 0.61523438
0.9604336 783.56964 0.625
0.97724241 794.84039 0.63476563
0.99340254 805.56012 0.64453125
1.0113751 816.4129  0.65429688
1.0266435 826.15527 0.6640625
1.0427345 835.58545 0.67382813
1.0600816 846.25745 0.68359375
1.0762681 856.56177 0.69335938
1.0938549 866.43463 0.703125
1.1097176 875.64191 0.71289063
1.1257844 884.09387 0.72265625
1.1434815 892.90302 0.73242188
1.1596888 902.16992 0.7421875
1.1759408 910.65784 0.75195313
1.192175  919.02655 0.76171875
1.2086728 927.0069  0.77148438
1.225646  934.56818 0.78125
1.2426084 940.4837  0.79101563
1.2582816 946.22729 0.80078125
1.2747303 952.04541 0.81054688
1.2917578 957.16443 0.8203125
1.3090448 961.43353 0.83007813
1.3254677 962.80463 0.83984375
1.3416288 963.2616  0.84960938
1.358461  962.73712 0.859375
1.3746566 959.9342  0.86914063
1.3922645 956.73657 0.87890625
1.4084002 950.80347 0.88867188
1.4257554 940.84802 0.8984375
1.4782518 121.12521 0.90820313
1.4730623 -22.886171 0.91796875
1.4775102 -56.207031 0.92773438
1.499002  -7.5701623 0.9375
1.5126237 7.3505192 0.94726563
1.5292255 4.1356683 0.95703125
1.5464743 -2.686903 0.96679688
1.5627313 -11.770129 0.9765625
1.5806464 -1.0895729 0.98632813
1.5965767 12.203678 0.99609375
1.6135035 2.7678161 1.0058594
1.6304418 -13.029948 1.015625
1.646345  -12.978539 1.0253906
1.6623557 -6.6570191 1.0351563
1.6790282 -1.4550984 1.0449219
1.696336  1.4171004 1.0546875
1.712783  0.49710274 1.0644531
1.7300878 -2.5460124 1.0742188
1.7462934 -4.4331698 1.0839844
1.7627698 -4.556179 1.09375
1.77931   -5.1938744 1.1035156
1.7959547 -4.945621 1.1132813
1.8128604 -2.7861447 1.1230469
1.82943   -1.5283376 1.1328125
1.8449371 -1.4028698 1.1425781
1.8621105 -2.8896332 1.1523438
1.8784088 -4.5080481 1.1621094
1.8957613 -5.2081795 1.171875
1.912398  -5.1625819 1.1816406
1.9286332 -4.2023511 1.1914063
1.9443895 -2.2386761 1.2011719
1.9620576 -2.9468536 1.2109375
1.9781303 -3.2898784 1.2207031
1.9950395 -3.9454551 1.2304688
2.0118392 -4.6096745 1.2402344
2.0284429 -3.5967679 1.25
2.0451362 -3.3988805 1.2597656
2.0611081 -3.4540148 1.2695313
2.0778954 -3.5125017 1.2792969
2.0941355 -3.7755072 1.2890625
2.1111691 -3.9504468 1.2988281
2.1269419 -4.1469932 1.3085938
2.1438169 -4.1750817 1.3183594
2.1611485 -3.8693845 1.328125
2.1777298 -3.7667899 1.3378906
2.1940045 -4.1859598 1.3476563
2.2103512 -4.2510033 1.3574219
2.2267063 -4.3070316 1.3671875
2.2434568 -3.7101655 1.3769531
2.2597649 -3.6098809 1.3867188
2.2769959 -3.2804906 1.3964844
2.2931321 -3.4949183 1.40625
2.3094401 -4.0829926 1.4160156
2.3267901 -4.0323286 1.4257813
2.342386  -3.8780272 1.4355469
2.3600023 -4.1852894 1.4453125
2.3758388 -3.8474798 1.4550781
2.3925192 -3.6328287 1.4648438
2.4093442 -4.65557  1.4746094
2.4259577 -5.0555172 1.484375
2.4428003 -4.1772423 1.4941406
2.4580879 -3.8333237 1.5039063
2.4753222 -3.6420674 1.5136719
2.4919164 -3.4535675 1.5234375
2.508414  -3.7924199 1.5332031
2.5255852 -4.1085482 1.5429688
2.5413799 -4.3534489 1.5527344
2.5581543 -4.3860078 1.5625
2.5741403 -3.4976006 1.5722656
2.5914485 -4.1101127 1.5820313
2.6080523 -3.7480891 1.5917969
2.6248629 -4.5166163 1.6015625
2.6407058 -5.0278754 1.6113281
2.6571176 -4.2500348 1.6210938
2.6746678 -3.8667769 1.6308594
2.6911097 -3.0093641 1.640625
2.7074447 -2.8949976 1.6503906
2.7245686 -4.8621745 1.6601563
2.7399373 -4.8704443 1.6699219
2.7563736 -4.0176511 1.6796875
2.7738996 -4.1832027 1.6894531
2.7909379 -3.2430887 1.6992188
2.8068047 -3.631711 1.7089844
2.823643  -4.1135402 1.71875
2.8404162 -4.6993046 1.7285156
2.8562958 -4.2684374 1.7382813
2.8738177 -4.0158629 1.7480469
2.8910487 -3.5656242 1.7578125
2.9065065 -3.4250319 1.7675781
2.9227965 -4.0134044 1.7773438
2.9390831 -4.7869234 1.7871094
2.9555683 -4.6420841 1.796875
2.9728739 -4.8227606 1.8066406
2.9891453 -4.4783206 1.8164063
3.005281  -3.4426153 1.8261719

