G.U.N.T. Gerätebau GmbH
Hanskampring 15-17 , D- 22885 BarsbüttelPhone: +49 40 / 67 08 54 - 0 , Fax: +49 40 / 67 08 54 - 42

Fecha : 19/4/2023	Tiempo: 10:53:09

WP 510	Máquina para ensayo de torsión, 200Nm

Nombre


Comentario


Cálculos
M_tb	12.816298 Nm
tau_tb	0.056924N/mm^2


Valores medidos
#	Ángulo de torsión en deg 	Ángulo de deslizamiento en rad 	Momento de torsión en Nm 	Tensión de cizallamiento en N/mm^2 
1,00	1,00	0,00	0,59	0,00
2,00	2,00	0,00	0,49	0,00
3,00	3,00	0,00	0,57	0,00
4,00	4,10	0,00	0,49	0,00
5,00	5,10	0,01	0,29	0,00
6,00	6,20	0,01	0,11	0,00
7,00	7,20	0,01	0,01	6,58E-5
8,00	8,20	0,01	0,17	0,00
9,00	9,20	0,01	0,52	0,00
10,00	10,20	0,01	0,54	0,00
11,00	11,30	0,01	0,88	0,00
12,00	12,30	0,01	1,13	0,01
13,00	13,30	0,01	1,28	0,01
14,00	14,30	0,01	1,44	0,01
15,00	15,30	0,02	1,61	0,01
16,00	16,40	0,02	1,93	0,01
17,00	17,40	0,02	2,11	0,01
18,00	18,40	0,02	2,43	0,01
19,00	19,40	0,02	2,62	0,01
20,00	20,40	0,02	2,90	0,01
21,00	21,40	0,02	3,25	0,01
22,00	22,50	0,02	3,41	0,02
23,00	23,50	0,02	3,62	0,02
24,00	24,50	0,03	3,82	0,02
25,00	25,50	0,03	4,22	0,02
26,00	26,50	0,03	4,46	0,02
27,00	27,50	0,03	4,63	0,02
28,00	28,50	0,03	5,05	0,02
29,00	29,50	0,03	5,13	0,02
30,00	30,50	0,03	5,33	0,02
31,00	31,50	0,03	5,54	0,02
32,00	32,50	0,03	5,47	0,02
33,00	33,50	0,03	5,87	0,03
34,00	34,50	0,04	6,17	0,03
35,00	35,50	0,04	6,25	0,03
36,00	36,50	0,04	6,44	0,03
37,00	37,50	0,04	6,39	0,03
38,00	38,50	0,04	6,82	0,03
39,00	39,50	0,04	6,96	0,03
40,00	40,50	0,04	7,08	0,03
41,00	41,50	0,04	7,24	0,03
42,00	42,50	0,04	7,64	0,03
43,00	43,50	0,05	7,76	0,03
44,00	44,50	0,05	8,04	0,04
45,00	45,50	0,05	8,43	0,04
46,00	46,50	0,05	8,31	0,04
47,00	47,50	0,05	8,60	0,04
48,00	48,50	0,05	8,78	0,04
49,00	49,50	0,05	8,94	0,04
50,00	50,50	0,05	8,96	0,04
51,00	51,50	0,05	9,02	0,04
52,00	52,50	0,05	9,11	0,04
53,00	53,50	0,06	9,16	0,04
54,00	54,50	0,06	9,21	0,04
55,00	55,50	0,06	9,36	0,04
56,00	56,60	0,06	9,65	0,04
57,00	57,70	0,06	9,89	0,04
58,00	58,70	0,06	9,94	0,04
59,00	59,70	0,06	9,88	0,04
60,00	60,70	0,06	9,82	0,04
61,00	61,70	0,06	9,88	0,04
62,00	62,70	0,06	9,90	0,04
63,00	63,70	0,07	9,98	0,04
64,00	64,80	0,07	10,18	0,05
65,00	65,80	0,07	10,05	0,04
66,00	66,80	0,07	10,04	0,04
67,00	67,80	0,07	10,27	0,05
68,00	68,80	0,07	10,27	0,05
69,00	69,80	0,07	10,46	0,05
70,00	70,80	0,07	10,29	0,05
71,00	71,80	0,07	10,31	0,05
72,00	72,80	0,08	10,16	0,05
73,00	73,80	0,08	10,40	0,05
74,00	74,80	0,08	10,51	0,05
75,00	75,80	0,08	10,61	0,05
76,00	76,80	0,08	10,73	0,05
77,00	77,90	0,08	10,87	0,05
78,00	78,90	0,08	10,81	0,05
79,00	79,90	0,08	10,76	0,05
80,00	80,90	0,08	10,72	0,05
81,00	81,90	0,08	10,73	0,05
82,00	82,90	0,09	10,66	0,05
83,00	83,90	0,09	10,68	0,05
84,00	84,90	0,09	10,52	0,05
85,00	85,90	0,09	10,43	0,05
86,00	86,90	0,09	10,50	0,05
87,00	87,90	0,09	10,48	0,05
88,00	88,90	0,09	10,40	0,05
89,00	89,90	0,09	10,56	0,05
90,00	90,90	0,09	10,65	0,05
91,00	91,90	0,10	10,88	0,05
92,00	92,90	0,10	10,63	0,05
93,00	94,00	0,10	10,59	0,05
94,00	95,00	0,10	10,68	0,05
95,00	96,00	0,10	10,63	0,05
96,00	97,10	0,10	10,39	0,05
97,00	98,10	0,10	10,57	0,05
98,00	99,20	0,10	10,51	0,05
99,00	100,20	0,10	10,58	0,05
100,00	101,20	0,10	10,48	0,05
101,00	102,30	0,11	10,40	0,05
102,00	103,30	0,11	10,57	0,05
103,00	104,30	0,11	10,76	0,05
104,00	105,40	0,11	10,74	0,05
105,00	106,40	0,11	10,64	0,05
106,00	107,40	0,11	10,65	0,05
107,00	108,50	0,11	10,53	0,05
108,00	109,50	0,11	10,59	0,05
109,00	110,60	0,11	10,57	0,05
110,00	111,60	0,12	10,47	0,05
111,00	112,60	0,12	10,61	0,05
112,00	113,70	0,12	10,66	0,05
113,00	114,70	0,12	10,70	0,05
114,00	115,70	0,12	10,38	0,05
115,00	116,80	0,12	10,53	0,05
116,00	117,80	0,12	10,52	0,05
117,00	118,80	0,12	10,48	0,05
118,00	119,90	0,12	10,34	0,05
119,00	120,90	0,13	10,41	0,05
120,00	121,90	0,13	10,53	0,05
121,00	123,00	0,13	10,59	0,05
122,00	124,00	0,13	10,50	0,05
123,00	125,10	0,13	10,55	0,05
124,00	126,10	0,13	10,69	0,05
125,00	127,10	0,13	10,36	0,05
126,00	128,20	0,13	10,55	0,05
127,00	129,20	0,13	10,57	0,05
128,00	130,20	0,13	10,60	0,05
129,00	131,30	0,14	10,76	0,05
130,00	132,30	0,14	10,54	0,05
131,00	133,30	0,14	10,76	0,05
132,00	134,30	0,14	10,86	0,05
133,00	135,30	0,14	10,83	0,05
134,00	136,30	0,14	11,03	0,05
135,00	137,30	0,14	10,90	0,05
136,00	138,30	0,14	10,78	0,05
137,00	139,30	0,14	10,73	0,05
138,00	140,30	0,15	10,65	0,05
139,00	141,30	0,15	10,68	0,05
140,00	142,30	0,15	10,65	0,05
141,00	143,30	0,15	10,76	0,05
142,00	144,30	0,15	10,74	0,05
143,00	145,30	0,15	10,71	0,05
144,00	146,30	0,15	10,65	0,05
145,00	147,30	0,15	10,53	0,05
146,00	148,30	0,15	10,47	0,05
147,00	149,30	0,15	10,61	0,05
148,00	150,30	0,16	10,81	0,05
149,00	151,30	0,16	10,81	0,05
150,00	152,30	0,16	10,77	0,05
151,00	153,30	0,16	10,92	0,05
152,00	154,30	0,16	10,88	0,05
153,00	155,30	0,16	10,90	0,05
154,00	156,30	0,16	10,85	0,05
155,00	157,30	0,16	10,64	0,05
156,00	158,30	0,16	10,85	0,05
157,00	159,30	0,16	10,66	0,05
158,00	160,30	0,17	10,60	0,05
159,00	161,30	0,17	10,74	0,05
160,00	162,40	0,17	10,69	0,05
161,00	163,40	0,17	10,80	0,05
162,00	164,40	0,17	10,80	0,05
163,00	165,50	0,17	10,79	0,05
164,00	166,50	0,17	10,45	0,05
165,00	167,50	0,17	10,48	0,05
166,00	168,50	0,17	10,30	0,05
167,00	169,50	0,18	10,46	0,05
168,00	170,50	0,18	10,55	0,05
169,00	171,50	0,18	10,56	0,05
170,00	172,50	0,18	10,59	0,05
171,00	173,50	0,18	10,78	0,05
172,00	174,50	0,18	10,65	0,05
173,00	175,50	0,18	10,61	0,05
174,00	176,50	0,18	10,65	0,05
175,00	177,50	0,18	10,45	0,05
176,00	178,50	0,18	10,39	0,05
177,00	179,50	0,19	10,55	0,05
178,00	180,50	0,19	10,45	0,05
179,00	181,50	0,19	10,41	0,05
180,00	182,60	0,19	10,54	0,05
181,00	183,70	0,19	10,68	0,05
182,00	184,70	0,19	10,44	0,05
183,00	185,70	0,19	10,39	0,05
184,00	186,70	0,19	10,31	0,05
185,00	187,80	0,19	10,37	0,05
186,00	188,80	0,20	10,32	0,05
187,00	189,80	0,20	10,38	0,05
188,00	190,90	0,20	10,40	0,05
189,00	192,00	0,20	10,32	0,05
190,00	193,10	0,20	10,12	0,04
191,00	194,10	0,20	10,12	0,04
192,00	195,10	0,20	10,14	0,05
193,00	196,20	0,20	10,06	0,04
194,00	197,30	0,20	10,01	0,04
195,00	198,30	0,21	10,17	0,05
196,00	199,30	0,21	10,05	0,04
197,00	200,30	0,21	10,04	0,04
198,00	201,30	0,21	10,25	0,05
199,00	202,40	0,21	10,56	0,05
200,00	203,50	0,21	10,57	0,05
201,00	204,50	0,21	10,52	0,05
202,00	205,50	0,21	10,53	0,05
203,00	206,50	0,21	10,37	0,05
204,00	207,60	0,21	10,56	0,05
205,00	208,60	0,22	10,17	0,05
206,00	209,60	0,22	10,27	0,05
207,00	210,70	0,22	10,00	0,04
208,00	211,80	0,22	9,84	0,04
209,00	212,80	0,22	9,74	0,04
210,00	213,80	0,22	9,90	0,04
211,00	214,80	0,22	9,98	0,04
212,00	215,80	0,22	9,92	0,04
213,00	216,90	0,22	9,77	0,04
214,00	218,00	0,23	10,08	0,04
215,00	219,00	0,23	9,83	0,04
216,00	220,00	0,23	9,93	0,04
217,00	221,10	0,23	10,03	0,04
218,00	222,20	0,23	10,34	0,05
219,00	223,30	0,23	10,35	0,05
220,00	224,30	0,23	10,25	0,05
221,00	225,30	0,23	10,20	0,05
222,00	226,40	0,23	10,06	0,04
223,00	227,50	0,24	10,17	0,05
224,00	228,50	0,24	10,14	0,05
225,00	229,50	0,24	10,15	0,05
226,00	230,50	0,24	10,24	0,05
227,00	231,60	0,24	10,14	0,05
228,00	232,60	0,24	10,16	0,05
229,00	233,60	0,24	10,47	0,05
230,00	234,70	0,24	10,63	0,05
231,00	235,80	0,24	10,51	0,05
232,00	236,80	0,25	10,69	0,05
233,00	237,90	0,25	10,70	0,05
234,00	239,00	0,25	10,35	0,05
235,00	240,00	0,25	10,26	0,05
236,00	241,00	0,25	10,29	0,05
237,00	242,10	0,25	10,07	0,04
238,00	243,20	0,25	10,17	0,05
239,00	244,20	0,25	9,90	0,04
240,00	245,20	0,25	9,98	0,04
241,00	246,20	0,25	10,03	0,04
242,00	247,30	0,26	10,17	0,05
243,00	248,30	0,26	10,30	0,05
244,00	249,30	0,26	10,32	0,05
245,00	250,40	0,26	10,43	0,05
246,00	251,50	0,26	10,39	0,05
247,00	252,60	0,26	10,51	0,05
248,00	253,60	0,26	10,35	0,05
249,00	254,60	0,26	10,40	0,05
250,00	255,70	0,26	10,39	0,05
251,00	256,70	0,27	10,43	0,05
252,00	257,80	0,27	10,38	0,05
253,00	258,90	0,27	10,29	0,05
254,00	260,00	0,27	10,30	0,05
255,00	261,00	0,27	10,29	0,05
256,00	262,00	0,27	10,08	0,04
257,00	263,00	0,27	10,13	0,05
258,00	264,00	0,27	10,07	0,04
259,00	265,00	0,27	10,16	0,05
260,00	266,00	0,28	10,02	0,04
261,00	267,00	0,28	10,08	0,04
262,00	268,00	0,28	10,13	0,04
263,00	269,00	0,28	10,22	0,05
264,00	270,00	0,28	10,24	0,05
265,00	271,00	0,28	10,17	0,05
266,00	272,00	0,28	10,09	0,04
267,00	273,00	0,28	10,05	0,04
268,00	274,00	0,28	10,20	0,05
269,00	275,00	0,28	10,15	0,05
270,00	276,00	0,29	10,15	0,05
271,00	277,00	0,29	10,13	0,04
272,00	278,00	0,29	10,14	0,05
273,00	279,00	0,29	10,19	0,05
274,00	280,00	0,29	10,20	0,05
275,00	281,00	0,29	10,57	0,05
276,00	282,00	0,29	10,48	0,05
277,00	283,00	0,29	10,18	0,05
278,00	284,00	0,29	10,10	0,04
279,00	285,00	0,29	10,26	0,05
280,00	286,00	0,30	10,06	0,04
281,00	287,00	0,30	10,23	0,05
282,00	288,00	0,30	10,19	0,05
283,00	289,00	0,30	9,91	0,04
284,00	290,00	0,30	10,13	0,04
285,00	291,00	0,30	9,87	0,04
286,00	292,00	0,30	9,85	0,04
287,00	293,00	0,30	9,89	0,04
288,00	294,00	0,30	9,99	0,04
289,00	295,00	0,31	9,82	0,04
290,00	296,00	0,31	9,86	0,04
291,00	297,00	0,31	9,84	0,04
292,00	298,00	0,31	9,96	0,04
293,00	299,00	0,31	9,78	0,04
294,00	300,00	0,31	9,86	0,04
295,00	301,00	0,31	10,03	0,04
296,00	302,00	0,31	10,19	0,05
297,00	303,00	0,31	10,13	0,04
298,00	304,00	0,31	10,12	0,04
299,00	305,00	0,32	10,22	0,05
300,00	306,00	0,32	10,30	0,05
301,00	307,00	0,32	10,43	0,05
302,00	308,00	0,32	10,32	0,05
303,00	309,00	0,32	10,38	0,05
304,00	310,00	0,32	10,21	0,05
305,00	311,00	0,32	10,25	0,05
306,00	312,00	0,32	10,14	0,05
307,00	313,00	0,32	10,33	0,05
308,00	314,00	0,32	10,24	0,05
309,00	315,00	0,33	10,36	0,05
310,00	316,00	0,33	10,44	0,05
311,00	317,00	0,33	10,22	0,05
312,00	318,00	0,33	10,29	0,05
313,00	319,00	0,33	10,25	0,05
314,00	320,00	0,33	10,31	0,05
315,00	321,00	0,33	10,33	0,05
316,00	322,00	0,33	10,40	0,05
317,00	323,00	0,33	10,57	0,05
318,00	324,00	0,34	10,56	0,05
319,00	325,00	0,34	10,48	0,05
320,00	326,00	0,34	10,19	0,05
321,00	327,00	0,34	10,19	0,05
322,00	328,00	0,34	10,37	0,05
323,00	329,00	0,34	10,56	0,05
324,00	330,00	0,34	10,49	0,05
325,00	331,00	0,34	10,42	0,05
326,00	332,00	0,34	10,26	0,05
327,00	333,00	0,34	10,24	0,05
328,00	334,00	0,35	10,30	0,05
329,00	335,00	0,35	10,18	0,05
330,00	336,00	0,35	10,38	0,05
331,00	337,00	0,35	10,48	0,05
332,00	338,00	0,35	10,47	0,05
333,00	339,00	0,35	10,55	0,05
334,00	340,00	0,35	10,30	0,05
335,00	341,00	0,35	10,55	0,05
336,00	342,00	0,35	10,59	0,05
337,00	343,00	0,36	10,83	0,05
338,00	344,00	0,36	10,87	0,05
339,00	345,00	0,36	10,79	0,05
340,00	346,00	0,36	10,67	0,05
341,00	347,00	0,36	10,52	0,05
342,00	348,00	0,36	10,42	0,05
343,00	349,00	0,36	10,39	0,05
344,00	350,00	0,36	10,66	0,05
345,00	351,00	0,36	10,59	0,05
346,00	352,00	0,36	10,81	0,05
347,00	353,00	0,37	10,79	0,05
348,00	354,00	0,37	10,69	0,05
349,00	355,00	0,37	10,58	0,05
350,00	356,00	0,37	10,70	0,05
351,00	357,00	0,37	10,59	0,05
352,00	358,00	0,37	10,30	0,05
353,00	359,00	0,37	10,29	0,05
354,00	360,00	0,37	10,44	0,05
355,00	361,00	0,37	10,34	0,05
356,00	362,10	0,37	10,59	0,05
357,00	363,20	0,38	10,62	0,05
358,00	364,20	0,38	10,42	0,05
359,00	365,20	0,38	10,73	0,05
360,00	366,30	0,38	10,78	0,05
361,00	367,40	0,38	10,82	0,05
362,00	368,40	0,38	10,85	0,05
363,00	369,40	0,38	10,81	0,05
364,00	370,40	0,38	10,73	0,05
365,00	371,50	0,38	10,53	0,05
366,00	372,50	0,39	10,35	0,05
367,00	373,50	0,39	10,32	0,05
368,00	374,60	0,39	10,51	0,05
369,00	375,70	0,39	10,58	0,05
370,00	376,70	0,39	10,60	0,05
371,00	377,70	0,39	10,63	0,05
372,00	378,70	0,39	10,62	0,05
373,00	379,80	0,39	10,57	0,05
374,00	380,80	0,39	10,39	0,05
375,00	381,80	0,40	10,40	0,05
376,00	382,90	0,40	10,48	0,05
377,00	384,00	0,40	10,46	0,05
378,00	385,10	0,40	10,40	0,05
379,00	386,10	0,40	10,36	0,05
380,00	387,10	0,40	10,43	0,05
381,00	388,20	0,40	10,37	0,05
382,00	389,30	0,40	10,32	0,05
383,00	390,40	0,40	10,54	0,05
384,00	391,40	0,41	10,43	0,05
385,00	392,40	0,41	10,60	0,05
386,00	393,50	0,41	10,64	0,05
387,00	394,60	0,41	10,45	0,05
388,00	395,60	0,41	10,46	0,05
389,00	396,60	0,41	10,61	0,05
390,00	397,60	0,41	10,46	0,05
391,00	398,70	0,41	10,65	0,05
392,00	399,70	0,41	10,68	0,05
393,00	400,70	0,41	10,54	0,05
394,00	401,80	0,42	10,42	0,05
395,00	402,90	0,42	10,42	0,05
396,00	403,90	0,42	10,52	0,05
397,00	404,90	0,42	10,42	0,05
398,00	405,90	0,42	10,46	0,05
399,00	407,00	0,42	10,84	0,05
400,00	408,00	0,42	10,56	0,05
401,00	409,00	0,42	10,53	0,05
402,00	410,10	0,42	10,47	0,05
403,00	411,20	0,43	10,40	0,05
404,00	412,20	0,43	10,49	0,05
405,00	413,20	0,43	10,72	0,05
406,00	414,20	0,43	10,69	0,05
407,00	415,30	0,43	10,73	0,05
408,00	416,30	0,43	10,78	0,05
409,00	417,30	0,43	10,87	0,05
410,00	418,40	0,43	11,00	0,05
411,00	419,50	0,43	11,04	0,05
412,00	420,50	0,44	10,98	0,05
413,00	421,50	0,44	10,75	0,05
414,00	422,50	0,44	10,85	0,05
415,00	423,60	0,44	10,53	0,05
416,00	424,60	0,44	10,72	0,05
417,00	425,60	0,44	10,68	0,05
418,00	426,70	0,44	10,73	0,05
419,00	427,80	0,44	10,82	0,05
420,00	428,80	0,44	10,84	0,05
421,00	429,80	0,44	10,83	0,05
422,00	430,80	0,45	10,50	0,05
423,00	431,90	0,45	10,56	0,05
424,00	432,90	0,45	10,51	0,05
425,00	433,90	0,45	10,66	0,05
426,00	435,00	0,45	10,49	0,05
427,00	436,00	0,45	10,77	0,05
428,00	437,00	0,45	10,77	0,05
429,00	438,00	0,45	10,80	0,05
430,00	439,10	0,45	10,83	0,05
431,00	440,20	0,46	10,67	0,05
432,00	441,30	0,46	10,78	0,05
433,00	442,30	0,46	10,86	0,05
434,00	443,30	0,46	10,67	0,05
435,00	444,40	0,46	10,87	0,05
436,00	445,40	0,46	10,82	0,05
437,00	446,40	0,46	10,82	0,05
438,00	447,40	0,46	10,91	0,05
439,00	448,50	0,46	10,81	0,05
440,00	449,60	0,47	10,79	0,05
441,00	450,60	0,47	10,88	0,05
442,00	451,60	0,47	10,90	0,05
443,00	452,70	0,47	11,00	0,05
444,00	453,70	0,47	10,90	0,05
445,00	454,70	0,47	10,75	0,05
446,00	455,70	0,47	10,64	0,05
447,00	456,80	0,47	10,69	0,05
448,00	457,90	0,47	10,63	0,05
449,00	458,90	0,47	10,58	0,05
450,00	459,90	0,48	10,74	0,05
451,00	461,00	0,48	10,92	0,05
452,00	462,00	0,48	11,13	0,05
453,00	463,00	0,48	11,14	0,05
454,00	464,00	0,48	11,09	0,05
455,00	465,00	0,48	11,03	0,05
456,00	466,00	0,48	11,10	0,05
457,00	467,00	0,48	11,14	0,05
458,00	468,10	0,48	11,04	0,05
459,00	469,10	0,49	10,97	0,05
460,00	470,10	0,49	10,91	0,05
461,00	471,10	0,49	10,98	0,05
462,00	472,20	0,49	11,08	0,05
463,00	473,30	0,49	11,05	0,05
464,00	474,30	0,49	10,96	0,05
465,00	475,30	0,49	10,98	0,05
466,00	476,40	0,49	10,72	0,05
467,00	477,40	0,49	10,98	0,05
468,00	478,40	0,50	11,06	0,05
469,00	479,40	0,50	11,02	0,05
470,00	480,50	0,50	11,06	0,05
471,00	481,60	0,50	11,05	0,05
472,00	482,60	0,50	11,09	0,05
473,00	483,60	0,50	11,01	0,05
474,00	484,70	0,50	10,99	0,05
475,00	485,70	0,50	11,17	0,05
476,00	486,70	0,50	10,90	0,05
477,00	487,70	0,50	10,88	0,05
478,00	488,80	0,51	10,97	0,05
479,00	489,90	0,51	11,01	0,05
480,00	491,00	0,51	10,89	0,05
481,00	492,00	0,51	10,92	0,05
482,00	493,10	0,51	11,17	0,05
483,00	494,20	0,51	10,95	0,05
484,00	495,30	0,51	10,90	0,05
485,00	496,30	0,51	11,06	0,05
486,00	497,30	0,51	11,02	0,05
487,00	498,30	0,52	11,01	0,05
488,00	499,40	0,52	11,02	0,05
489,00	500,50	0,52	11,11	0,05
490,00	501,50	0,52	11,08	0,05
491,00	502,50	0,52	11,12	0,05
492,00	503,50	0,52	11,27	0,05
493,00	504,50	0,52	11,28	0,05
494,00	505,50	0,52	11,31	0,05
495,00	506,50	0,52	11,14	0,05
496,00	507,60	0,53	11,02	0,05
497,00	508,60	0,53	10,88	0,05
498,00	509,60	0,53	11,14	0,05
499,00	510,70	0,53	11,02	0,05
500,00	511,70	0,53	10,87	0,05
501,00	512,70	0,53	11,15	0,05
502,00	513,70	0,53	10,98	0,05
503,00	514,70	0,53	11,08	0,05
504,00	515,70	0,53	10,87	0,05
505,00	516,70	0,53	10,93	0,05
506,00	517,70	0,54	11,07	0,05
507,00	518,70	0,54	11,16	0,05
508,00	519,70	0,54	11,18	0,05
509,00	520,70	0,54	11,26	0,05
510,00	521,70	0,54	11,31	0,05
511,00	522,70	0,54	11,34	0,05
512,00	523,80	0,54	11,52	0,05
513,00	524,80	0,54	11,41	0,05
514,00	525,80	0,54	11,22	0,05
515,00	526,80	0,55	11,32	0,05
516,00	527,80	0,55	11,07	0,05
517,00	528,90	0,55	11,11	0,05
518,00	529,90	0,55	11,27	0,05
519,00	530,90	0,55	11,29	0,05
520,00	532,00	0,55	11,15	0,05
521,00	533,00	0,55	11,29	0,05
522,00	534,00	0,55	11,17	0,05
523,00	535,00	0,55	10,96	0,05
524,00	536,00	0,55	11,02	0,05
525,00	537,00	0,56	11,09	0,05
526,00	538,00	0,56	10,91	0,05
527,00	539,00	0,56	11,08	0,05
528,00	540,00	0,56	11,18	0,05
529,00	541,00	0,56	11,10	0,05
530,00	542,00	0,56	11,19	0,05
531,00	543,00	0,56	11,26	0,05
532,00	544,00	0,56	11,37	0,05
533,00	545,00	0,56	11,60	0,05
534,00	546,00	0,57	11,81	0,05
535,00	547,00	0,57	11,73	0,05
536,00	548,00	0,57	11,52	0,05
537,00	549,00	0,57	11,67	0,05
538,00	550,00	0,57	11,36	0,05
539,00	551,00	0,57	11,35	0,05
540,00	552,00	0,57	11,34	0,05
541,00	553,00	0,57	11,44	0,05
542,00	554,00	0,57	11,40	0,05
543,00	555,00	0,57	11,44	0,05
544,00	556,00	0,58	11,60	0,05
545,00	557,00	0,58	11,61	0,05
546,00	558,00	0,58	11,55	0,05
547,00	559,00	0,58	11,56	0,05
548,00	560,00	0,58	11,65	0,05
549,00	561,00	0,58	11,62	0,05
550,00	562,00	0,58	11,35	0,05
551,00	563,00	0,58	11,59	0,05
552,00	564,00	0,58	11,77	0,05
553,00	565,00	0,58	11,58	0,05
554,00	566,00	0,59	11,57	0,05
555,00	567,00	0,59	11,57	0,05
556,00	568,00	0,59	11,79	0,05
557,00	569,00	0,59	11,44	0,05
558,00	570,00	0,59	11,65	0,05
559,00	571,00	0,59	11,46	0,05
560,00	572,00	0,59	11,44	0,05
561,00	573,00	0,59	11,41	0,05
562,00	574,00	0,59	11,45	0,05
563,00	575,00	0,60	11,34	0,05
564,00	576,00	0,60	11,46	0,05
565,00	577,00	0,60	11,37	0,05
566,00	578,00	0,60	11,42	0,05
567,00	579,00	0,60	11,45	0,05
568,00	580,00	0,60	11,32	0,05
569,00	581,00	0,60	11,36	0,05
570,00	582,00	0,60	11,36	0,05
571,00	583,00	0,60	11,44	0,05
572,00	584,00	0,60	11,47	0,05
573,00	585,00	0,61	11,27	0,05
574,00	586,00	0,61	11,43	0,05
575,00	587,00	0,61	11,58	0,05
576,00	588,00	0,61	11,81	0,05
577,00	589,00	0,61	12,13	0,05
578,00	590,00	0,61	11,95	0,05
579,00	591,00	0,61	11,91	0,05
580,00	592,00	0,61	11,86	0,05
581,00	593,00	0,61	11,67	0,05
582,00	594,00	0,61	11,55	0,05
583,00	595,00	0,62	11,50	0,05
584,00	596,00	0,62	11,67	0,05
585,00	597,00	0,62	11,64	0,05
586,00	598,00	0,62	11,55	0,05
587,00	599,00	0,62	11,64	0,05
588,00	600,00	0,62	11,65	0,05
589,00	601,00	0,62	11,42	0,05
590,00	602,00	0,62	11,33	0,05
591,00	603,00	0,62	11,48	0,05
592,00	604,00	0,63	11,44	0,05
593,00	605,00	0,63	11,53	0,05
594,00	606,00	0,63	11,55	0,05
595,00	607,00	0,63	11,55	0,05
596,00	608,00	0,63	11,58	0,05
597,00	609,00	0,63	11,58	0,05
598,00	610,00	0,63	11,83	0,05
599,00	611,00	0,63	11,80	0,05
600,00	612,00	0,63	12,02	0,05
601,00	613,00	0,63	12,20	0,05
602,00	614,00	0,64	12,15	0,05
603,00	615,00	0,64	11,95	0,05
604,00	616,00	0,64	11,80	0,05
605,00	617,00	0,64	11,60	0,05
606,00	618,00	0,64	11,66	0,05
607,00	619,00	0,64	11,56	0,05
608,00	620,00	0,64	11,39	0,05
609,00	621,00	0,64	11,51	0,05
610,00	622,00	0,64	11,45	0,05
611,00	623,00	0,64	11,62	0,05
612,00	624,00	0,65	11,66	0,05
613,00	625,00	0,65	11,65	0,05
614,00	626,00	0,65	11,61	0,05
615,00	627,00	0,65	11,72	0,05
616,00	628,00	0,65	11,70	0,05
617,00	629,00	0,65	11,71	0,05
618,00	630,00	0,65	11,80	0,05
619,00	631,00	0,65	11,89	0,05
620,00	632,00	0,65	11,83	0,05
621,00	633,00	0,66	11,86	0,05
622,00	634,00	0,66	11,82	0,05
623,00	635,00	0,66	11,78	0,05
624,00	636,00	0,66	11,75	0,05
625,00	637,00	0,66	11,85	0,05
626,00	638,00	0,66	12,02	0,05
627,00	639,00	0,66	11,95	0,05
628,00	640,00	0,66	11,95	0,05
629,00	641,00	0,66	12,00	0,05
630,00	642,00	0,66	11,88	0,05
631,00	643,00	0,67	11,94	0,05
632,00	644,00	0,67	12,11	0,05
633,00	645,00	0,67	11,98	0,05
634,00	646,00	0,67	11,99	0,05
635,00	647,00	0,67	12,16	0,05
636,00	648,00	0,67	12,06	0,05
637,00	649,00	0,67	12,01	0,05
638,00	650,00	0,67	12,15	0,05
639,00	651,00	0,67	11,96	0,05
640,00	652,00	0,67	11,98	0,05
641,00	653,00	0,68	12,02	0,05
642,00	654,00	0,68	12,11	0,05
643,00	655,00	0,68	11,95	0,05
644,00	656,00	0,68	11,96	0,05
645,00	657,00	0,68	11,89	0,05
646,00	658,00	0,68	11,71	0,05
647,00	659,00	0,68	11,67	0,05
648,00	660,00	0,68	11,81	0,05
649,00	661,00	0,68	11,99	0,05
650,00	662,00	0,69	12,10	0,05
651,00	663,00	0,69	12,14	0,05
652,00	664,00	0,69	12,09	0,05
653,00	665,00	0,69	12,01	0,05
654,00	666,00	0,69	12,01	0,05
655,00	667,00	0,69	11,81	0,05
656,00	668,00	0,69	11,81	0,05
657,00	669,00	0,69	11,96	0,05
658,00	670,00	0,69	11,87	0,05
659,00	671,00	0,69	11,85	0,05
660,00	672,00	0,70	11,76	0,05
661,00	673,00	0,70	12,00	0,05
662,00	674,00	0,70	11,95	0,05
663,00	675,00	0,70	11,90	0,05
664,00	676,00	0,70	12,12	0,05
665,00	677,00	0,70	12,03	0,05
666,00	678,00	0,70	11,89	0,05
667,00	679,00	0,70	11,69	0,05
668,00	680,00	0,70	11,91	0,05
669,00	681,00	0,70	12,22	0,05
670,00	682,00	0,71	12,06	0,05
671,00	683,00	0,71	11,95	0,05
672,00	684,00	0,71	11,93	0,05
673,00	685,00	0,71	11,85	0,05
674,00	686,00	0,71	12,03	0,05
675,00	687,00	0,71	11,99	0,05
676,00	688,00	0,71	11,95	0,05
677,00	689,00	0,71	11,75	0,05
678,00	690,00	0,71	11,63	0,05
679,00	691,00	0,72	11,63	0,05
680,00	692,00	0,72	11,63	0,05
681,00	693,00	0,72	11,96	0,05
682,00	694,00	0,72	12,12	0,05
683,00	695,00	0,72	12,00	0,05
684,00	696,00	0,72	11,98	0,05
685,00	697,00	0,72	12,00	0,05
686,00	698,00	0,72	11,89	0,05
687,00	699,00	0,72	12,00	0,05
688,00	700,00	0,72	12,02	0,05
689,00	701,00	0,73	12,07	0,05
690,00	702,00	0,73	11,98	0,05
691,00	703,00	0,73	12,22	0,05
692,00	704,00	0,73	12,06	0,05
693,00	705,00	0,73	11,86	0,05
694,00	706,00	0,73	12,02	0,05
695,00	707,00	0,73	12,14	0,05
696,00	708,00	0,73	12,11	0,05
697,00	709,00	0,73	12,14	0,05
698,00	710,00	0,73	12,32	0,05
699,00	711,00	0,74	12,47	0,06
700,00	712,00	0,74	12,58	0,06
701,00	713,00	0,74	12,59	0,06
702,00	714,00	0,74	12,45	0,06
703,00	715,00	0,74	12,42	0,06
704,00	716,00	0,74	12,22	0,05
705,00	717,00	0,74	12,26	0,05
706,00	718,00	0,74	12,28	0,05
707,00	719,00	0,74	12,17	0,05
708,00	720,00	0,75	12,19	0,05
709,00	721,00	0,75	12,27	0,05
710,00	722,00	0,75	12,27	0,05
711,00	723,00	0,75	12,31	0,05
712,00	724,10	0,75	12,17	0,05
713,00	725,10	0,75	12,07	0,05
714,00	726,10	0,75	12,06	0,05
715,00	727,10	0,75	12,02	0,05
716,00	728,10	0,75	12,14	0,05
717,00	729,10	0,75	11,98	0,05
718,00	730,10	0,76	12,07	0,05
719,00	731,20	0,76	12,13	0,05
720,00	732,20	0,76	12,25	0,05
721,00	733,20	0,76	12,21	0,05
722,00	734,20	0,76	12,21	0,05
723,00	735,20	0,76	12,25	0,05
724,00	736,20	0,76	12,08	0,05
725,00	737,20	0,76	12,26	0,05
726,00	738,30	0,76	12,20	0,05
727,00	739,30	0,77	12,24	0,05
728,00	740,30	0,77	12,26	0,05
729,00	741,30	0,77	12,41	0,06
730,00	742,30	0,77	12,15	0,05
731,00	743,30	0,77	12,04	0,05
732,00	744,30	0,77	11,99	0,05
733,00	745,40	0,77	12,21	0,05
734,00	746,40	0,77	12,28	0,05
735,00	747,40	0,77	12,25	0,05
736,00	748,40	0,77	12,26	0,05
737,00	749,40	0,78	12,27	0,05
738,00	750,40	0,78	12,35	0,05
739,00	751,50	0,78	12,16	0,05
740,00	752,60	0,78	11,97	0,05
741,00	753,70	0,78	12,14	0,05
742,00	754,70	0,78	12,22	0,05
743,00	755,70	0,78	12,19	0,05
744,00	756,70	0,78	12,27	0,05
745,00	757,70	0,78	12,27	0,05
746,00	758,70	0,79	12,27	0,05
747,00	759,70	0,79	12,23	0,05
748,00	760,80	0,79	12,22	0,05
749,00	761,80	0,79	12,08	0,05
750,00	762,80	0,79	12,08	0,05
751,00	763,80	0,79	11,98	0,05
752,00	764,80	0,79	11,99	0,05
753,00	765,80	0,79	12,02	0,05
754,00	766,80	0,79	12,10	0,05
755,00	767,90	0,79	12,07	0,05
756,00	768,90	0,80	12,29	0,05
757,00	769,90	0,80	12,40	0,06
758,00	770,90	0,80	12,42	0,06
759,00	771,90	0,80	12,22	0,05
760,00	772,90	0,80	12,38	0,05
761,00	774,00	0,80	12,49	0,06
762,00	775,10	0,80	12,54	0,06
763,00	776,20	0,80	12,51	0,06
764,00	777,20	0,80	12,40	0,06
765,00	778,20	0,81	12,34	0,05
766,00	779,20	0,81	12,36	0,05
767,00	780,20	0,81	12,47	0,06
768,00	781,20	0,81	12,48	0,06
769,00	782,30	0,81	12,47	0,06
770,00	783,40	0,81	12,25	0,05
771,00	784,50	0,81	12,38	0,05
772,00	785,50	0,81	12,29	0,05
773,00	786,50	0,81	12,14	0,05
774,00	787,50	0,82	12,20	0,05
775,00	788,50	0,82	12,34	0,05
776,00	789,50	0,82	12,52	0,06
777,00	790,50	0,82	12,70	0,06
778,00	791,60	0,82	12,58	0,06
779,00	792,60	0,82	12,47	0,06
780,00	793,60	0,82	12,49	0,06
781,00	794,60	0,82	12,32	0,05
782,00	795,60	0,82	12,46	0,06
783,00	796,60	0,82	12,52	0,06
784,00	797,60	0,83	12,54	0,06
785,00	798,70	0,83	12,44	0,06
786,00	799,70	0,83	12,48	0,06
787,00	800,70	0,83	12,43	0,06
788,00	801,70	0,83	12,49	0,06
789,00	802,70	0,83	12,62	0,06
790,00	803,70	0,83	12,69	0,06
791,00	804,80	0,83	12,66	0,06
792,00	805,90	0,83	12,82	0,06
793,00	807,00	0,84	12,66	0,06
794,00	808,00	0,84	12,79	0,06
795,00	809,00	0,84	12,54	0,06
796,00	810,00	0,84	12,44	0,06
797,00	811,00	0,84	12,32	0,05
798,00	812,00	0,84	12,44	0,06
799,00	813,10	0,84	12,36	0,05
800,00	814,20	0,84	12,60	0,06
801,00	815,30	0,84	12,43	0,06
802,00	816,40	0,84	12,44	0,06
803,00	817,40	0,85	12,41	0,06
804,00	818,40	0,85	12,40	0,06
805,00	819,40	0,85	12,34	0,05
806,00	820,40	0,85	12,29	0,05
807,00	821,40	0,85	12,45	0,06
808,00	822,50	0,85	12,48	0,06
809,00	823,60	0,85	12,22	0,05
810,00	824,70	0,85	12,21	0,05
811,00	825,70	0,85	12,24	0,05
812,00	826,70	0,86	12,33	0,05
813,00	827,70	0,86	12,37	0,05
814,00	828,70	0,86	12,23	0,05
815,00	829,70	0,86	12,03	0,05
816,00	830,80	0,86	12,06	0,05
817,00	831,90	0,86	12,08	0,05
818,00	833,00	0,86	12,20	0,05
819,00	834,00	0,86	12,22	0,05
820,00	835,00	0,86	12,49	0,06
821,00	836,00	0,87	12,45	0,06
822,00	837,00	0,87	12,45	0,06
823,00	838,00	0,87	12,39	0,06
824,00	839,10	0,87	12,29	0,05
825,00	840,20	0,87	12,45	0,06
826,00	841,30	0,87	12,49	0,06
827,00	842,30	0,87	12,49	0,06
828,00	843,30	0,87	12,51	0,06
829,00	844,30	0,87	12,39	0,06
830,00	845,30	0,87	12,28	0,05
831,00	846,30	0,88	12,34	0,05
832,00	847,40	0,88	12,26	0,05
833,00	848,50	0,88	12,40	0,06
834,00	849,60	0,88	12,27	0,05
835,00	850,70	0,88	12,25	0,05
836,00	851,70	0,88	12,25	0,05
837,00	852,70	0,88	12,32	0,05
838,00	853,70	0,88	12,42	0,06
839,00	854,70	0,88	12,52	0,06
840,00	855,70	0,89	12,55	0,06
841,00	856,80	0,89	12,36	0,05
842,00	857,90	0,89	12,52	0,06
843,00	859,00	0,89	12,23	0,05
844,00	860,00	0,89	12,34	0,05
845,00	861,00	0,89	12,52	0,06
846,00	862,00	0,89	12,41	0,06
847,00	863,00	0,89	12,44	0,06
848,00	864,00	0,89	12,26	0,05
849,00	865,10	0,90	12,42	0,06
850,00	866,20	0,90	12,52	0,06
851,00	867,30	0,90	12,38	0,05
852,00	868,30	0,90	12,27	0,05
853,00	869,30	0,90	12,47	0,06
854,00	870,30	0,90	12,43	0,06
855,00	871,30	0,90	12,37	0,05
856,00	872,30	0,90	12,32	0,05
857,00	873,40	0,90	12,40	0,06
858,00	874,50	0,91	12,21	0,05
859,00	875,60	0,91	12,23	0,05
860,00	876,60	0,91	12,29	0,05
861,00	877,60	0,91	12,55	0,06
862,00	878,60	0,91	12,47	0,06
863,00	879,60	0,91	12,51	0,06
864,00	880,60	0,91	12,44	0,06
865,00	881,70	0,91	12,33	0,05
866,00	882,80	0,91	12,36	0,05
867,00	883,90	0,91	12,43	0,06
868,00	884,90	0,92	12,53	0,06
869,00	885,90	0,92	12,61	0,06
870,00	886,90	0,92	12,56	0,06
871,00	887,90	0,92	12,50	0,06
872,00	888,90	0,92	12,42	0,06
873,00	890,00	0,92	12,31	0,05
874,00	891,10	0,92	12,47	0,06
875,00	892,20	0,92	12,63	0,06
876,00	893,20	0,92	12,49	0,06
877,00	894,20	0,93	12,49	0,06
878,00	895,20	0,93	12,33	0,05
879,00	896,20	0,93	12,29	0,05
880,00	897,20	0,93	12,22	0,05
881,00	898,30	0,93	12,16	0,05
882,00	899,40	0,93	12,22	0,05
883,00	900,50	0,93	12,30	0,05
884,00	901,60	0,93	12,11	0,05
885,00	902,60	0,93	12,33	0,05
886,00	903,60	0,94	12,36	0,05
887,00	904,60	0,94	12,61	0,06
888,00	905,60	0,94	12,63	0,06
889,00	906,60	0,94	12,53	0,06
890,00	907,70	0,94	12,55	0,06
891,00	908,80	0,94	12,49	0,06
892,00	909,90	0,94	12,40	0,06
893,00	910,90	0,94	12,30	0,05
894,00	911,90	0,94	12,42	0,06
895,00	912,90	0,94	12,50	0,06
896,00	913,90	0,95	12,16	0,05
897,00	914,90	0,95	11,97	0,05
898,00	916,00	0,95	12,19	0,05
899,00	917,10	0,95	12,24	0,05
900,00	918,20	0,95	12,34	0,05
901,00	919,20	0,95	12,34	0,05
902,00	920,20	0,95	12,34	0,05
903,00	921,20	0,95	12,47	0,06
904,00	922,20	0,95	12,43	0,06
905,00	923,20	0,96	12,46	0,06
906,00	924,30	0,96	12,50	0,06
907,00	925,40	0,96	12,55	0,06
908,00	926,50	0,96	12,52	0,06
909,00	927,60	0,96	12,69	0,06
910,00	928,60	0,96	12,73	0,06
911,00	929,60	0,96	12,72	0,06
912,00	930,60	0,96	12,76	0,06
913,00	931,60	0,96	12,76	0,06
914,00	932,60	0,97	12,61	0,06
915,00	933,70	0,97	12,58	0,06
916,00	934,80	0,97	12,52	0,06
917,00	935,90	0,97	12,61	0,06
918,00	936,90	0,97	12,57	0,06
919,00	937,90	0,97	12,55	0,06
920,00	938,90	0,97	12,52	0,06
921,00	939,90	0,97	12,48	0,06
922,00	940,90	0,97	12,44	0,06
923,00	942,00	0,97	12,61	0,06
924,00	943,10	0,98	12,42	0,06
925,00	944,20	0,98	12,48	0,06
926,00	945,20	0,98	12,45	0,06
927,00	946,20	0,98	12,34	0,05
928,00	947,20	0,98	12,24	0,05
929,00	948,20	0,98	12,07	0,05
930,00	949,20	0,98	12,23	0,05
931,00	950,30	0,98	12,42	0,06
932,00	951,40	0,98	12,51	0,06
933,00	952,50	0,99	12,46	0,06
934,00	953,50	0,99	12,48	0,06
935,00	954,50	0,99	12,64	0,06
936,00	955,50	0,99	12,53	0,06
937,00	956,50	0,99	12,36	0,05
938,00	957,50	0,99	12,25	0,05
939,00	958,60	0,99	12,41	0,06
940,00	959,70	0,99	12,34	0,05
941,00	960,80	0,99	12,35	0,05
942,00	961,80	1,00	12,36	0,05
943,00	962,80	1,00	12,42	0,06
944,00	963,80	1,00	12,44	0,06
945,00	964,80	1,00	12,51	0,06
946,00	965,80	1,00	12,56	0,06
947,00	966,90	1,00	12,52	0,06
948,00	968,00	1,00	12,42	0,06
949,00	969,10	1,00	12,61	0,06
950,00	970,10	1,00	12,56	0,06
951,00	971,10	1,01	12,58	0,06
952,00	972,10	1,01	12,53	0,06
953,00	973,10	1,01	12,58	0,06
954,00	974,10	1,01	12,58	0,06
955,00	975,20	1,01	12,73	0,06
956,00	976,30	1,01	12,75	0,06
957,00	977,40	1,01	12,63	0,06
958,00	978,40	1,01	12,57	0,06
959,00	979,40	1,01	12,61	0,06
960,00	980,40	1,01	12,58	0,06
961,00	981,40	1,02	12,54	0,06
962,00	982,40	1,02	12,64	0,06
963,00	983,50	1,02	12,80	0,06
964,00	984,60	1,02	12,62	0,06
965,00	985,70	1,02	12,79	0,06
966,00	986,70	1,02	12,77	0,06
967,00	987,70	1,02	12,69	0,06
968,00	988,70	1,02	12,37	0,05
969,00	989,70	1,02	12,32	0,05
970,00	990,70	1,03	12,10	0,05
971,00	991,80	1,03	12,32	0,05
972,00	992,90	1,03	12,46	0,06
973,00	994,00	1,03	12,43	0,06
974,00	995,10	1,03	12,49	0,06
975,00	996,10	1,03	12,43	0,06
976,00	997,10	1,03	12,62	0,06
977,00	998,10	1,03	12,48	0,06
978,00	999,10	1,03	12,52	0,06
979,00	1,00E+3	1,04	12,49	0,06
980,00	1,00E+3	1,04	12,51	0,06
981,00	1,00E+3	1,04	12,54	0,06
982,00	1,00E+3	1,04	12,52	0,06
983,00	1,00E+3	1,04	12,50	0,06
984,00	1,01E+3	1,04	12,51	0,06
985,00	1,01E+3	1,04	12,45	0,06
986,00	1,01E+3	1,04	12,55	0,06
987,00	1,01E+3	1,04	12,59	0,06
988,00	1,01E+3	1,04	12,55	0,06
989,00	1,01E+3	1,05	12,57	0,06
990,00	1,01E+3	1,05	12,37	0,05
991,00	1,01E+3	1,05	12,41	0,06
992,00	1,01E+3	1,05	12,40	0,06
993,00	1,01E+3	1,05	12,60	0,06
994,00	1,02E+3	1,05	12,59	0,06
995,00	1,02E+3	1,05	12,52	0,06
996,00	1,02E+3	1,05	12,67	0,06
997,00	1,02E+3	1,05	12,81	0,06
998,00	1,02E+3	1,06	12,63	0,06
999,00	1,02E+3	1,06	12,73	0,06
1,00E+3	1,02E+3	1,06	12,45	0,06
1,00E+3	1,02E+3	1,06	12,52	0,06
1,00E+3	1,02E+3	1,06	12,58	0,06
1,00E+3	1,03E+3	1,06	12,47	0,06
1,00E+3	1,03E+3	1,06	12,62	0,06
1,01E+3	1,03E+3	1,06	12,33	0,05
1,01E+3	1,03E+3	1,06	12,20	0,05
1,01E+3	1,03E+3	1,07	12,21	0,05
1,01E+3	1,03E+3	1,07	12,11	0,05
1,01E+3	1,03E+3	1,07	12,02	0,05
1,01E+3	1,03E+3	1,07	12,16	0,05
1,01E+3	1,03E+3	1,07	12,21	0,05
1,01E+3	1,03E+3	1,07	12,26	0,05
1,01E+3	1,04E+3	1,07	12,35	0,05
1,01E+3	1,04E+3	1,07	12,41	0,06
1,02E+3	1,04E+3	1,07	12,39	0,06
1,02E+3	1,04E+3	1,07	12,54	0,06
1,02E+3	1,04E+3	1,08	12,51	0,06
1,02E+3	1,04E+3	1,08	12,45	0,06
1,02E+3	1,04E+3	1,08	12,29	0,05
1,02E+3	1,04E+3	1,08	12,53	0,06
1,02E+3	1,04E+3	1,08	12,37	0,05
1,02E+3	1,04E+3	1,08	12,46	0,06
1,02E+3	1,05E+3	1,08	12,49	0,06
1,02E+3	1,05E+3	1,08	12,61	0,06
1,03E+3	1,05E+3	1,08	12,61	0,06
1,03E+3	1,05E+3	1,08	12,56	0,06
1,03E+3	1,05E+3	1,09	12,46	0,06
1,03E+3	1,05E+3	1,09	12,45	0,06
1,03E+3	1,05E+3	1,09	12,43	0,06
1,03E+3	1,05E+3	1,09	12,65	0,06
1,03E+3	1,05E+3	1,09	12,50	0,06
1,03E+3	1,05E+3	1,09	12,52	0,06
1,03E+3	1,06E+3	1,09	12,46	0,06
1,03E+3	1,06E+3	1,09	12,36	0,05
1,04E+3	1,06E+3	1,09	12,46	0,06
1,04E+3	1,06E+3	1,10	12,40	0,06
1,04E+3	1,06E+3	1,10	12,29	0,05
1,04E+3	1,06E+3	1,10	12,12	0,05
1,04E+3	1,06E+3	1,10	12,27	0,05
1,04E+3	1,06E+3	1,10	12,27	0,05
1,04E+3	1,06E+3	1,10	12,38	0,06
1,04E+3	1,06E+3	1,10	12,42	0,06
1,04E+3	1,07E+3	1,10	12,46	0,06
1,04E+3	1,07E+3	1,10	12,62	0,06
1,05E+3	1,07E+3	1,10	12,76	0,06
1,05E+3	1,07E+3	1,11	12,74	0,06
1,05E+3	1,07E+3	1,11	12,57	0,06
1,05E+3	1,07E+3	1,11	12,65	0,06
1,05E+3	1,07E+3	1,11	12,46	0,06
1,05E+3	1,07E+3	1,11	12,30	0,05
1,05E+3	1,07E+3	1,11	12,27	0,05
1,05E+3	1,07E+3	1,11	12,45	0,06
1,05E+3	1,08E+3	1,11	12,40	0,06
1,05E+3	1,08E+3	1,11	12,55	0,06
1,06E+3	1,08E+3	1,11	12,38	0,06
1,06E+3	1,08E+3	1,12	12,30	0,05
1,06E+3	1,08E+3	1,12	12,34	0,05
1,06E+3	1,08E+3	1,12	12,18	0,05
1,06E+3	1,08E+3	1,12	12,24	0,05
1,06E+3	1,08E+3	1,12	12,35	0,05
1,06E+3	1,08E+3	1,12	12,58	0,06
1,06E+3	1,08E+3	1,12	12,44	0,06
1,06E+3	1,09E+3	1,12	12,43	0,06
1,06E+3	1,09E+3	1,12	12,48	0,06
1,07E+3	1,09E+3	1,13	12,58	0,06
1,07E+3	1,09E+3	1,13	12,49	0,06
1,07E+3	1,09E+3	1,13	12,63	0,06
1,07E+3	1,09E+3	1,13	12,50	0,06
1,07E+3	1,09E+3	1,13	12,58	0,06
1,07E+3	1,09E+3	1,13	12,66	0,06
1,07E+3	1,09E+3	1,13	12,74	0,06
1,07E+3	1,09E+3	1,13	12,64	0,06
1,07E+3	1,10E+3	1,13	12,31	0,05
1,07E+3	1,10E+3	1,13	12,45	0,06
1,08E+3	1,10E+3	1,14	12,43	0,06
1,08E+3	1,10E+3	1,14	12,32	0,05
1,08E+3	1,10E+3	1,14	12,48	0,06
1,08E+3	1,10E+3	1,14	12,37	0,05
1,08E+3	1,10E+3	1,14	12,40	0,06
1,08E+3	1,10E+3	1,14	12,48	0,06
1,08E+3	1,10E+3	1,14	12,59	0,06
1,08E+3	1,10E+3	1,14	12,63	0,06
1,08E+3	1,11E+3	1,14	12,67	0,06
1,08E+3	1,11E+3	1,14	12,77	0,06
1,09E+3	1,11E+3	1,15	12,72	0,06
1,09E+3	1,11E+3	1,15	12,31	0,05
1,09E+3	1,11E+3	1,15	12,44	0,06
1,09E+3	1,11E+3	1,15	12,53	0,06
1,09E+3	1,11E+3	1,15	12,50	0,06
1,09E+3	1,11E+3	1,15	12,36	0,05
1,09E+3	1,11E+3	1,15	12,48	0,06
1,09E+3	1,11E+3	1,15	12,25	0,05
1,09E+3	1,12E+3	1,15	12,13	0,05
1,09E+3	1,12E+3	1,16	12,07	0,05
1,10E+3	1,12E+3	1,16	12,13	0,05
1,10E+3	1,12E+3	1,16	12,04	0,05
1,10E+3	1,12E+3	1,16	11,89	0,05
1,10E+3	1,12E+3	1,16	11,81	0,05
1,10E+3	1,12E+3	1,16	11,70	0,05
1,10E+3	1,12E+3	1,16	11,62	0,05
1,10E+3	1,12E+3	1,16	11,55	0,05
1,10E+3	1,12E+3	1,16	11,29	0,05
1,10E+3	1,13E+3	1,16	11,00	0,05
1,10E+3	1,13E+3	1,17	10,84	0,05
1,11E+3	1,13E+3	1,17	10,56	0,05
1,11E+3	1,13E+3	1,17	9,96	0,04
1,11E+3	1,13E+3	1,17	7,09	0,03
1,11E+3	1,13E+3	1,17	5,21	0,02
1,11E+3	1,13E+3	1,17	3,69	0,02
1,11E+3	1,13E+3	1,17	2,55	0,01
1,11E+3	1,13E+3	1,17	1,83	0,01
1,11E+3	1,13E+3	1,17	1,33	0,01
1,11E+3	1,14E+3	1,17	0,74	0,00
1,11E+3	1,14E+3	1,18	0,46	0,00
1,12E+3	1,14E+3	1,18	0,38	0,00
1,12E+3	1,14E+3	1,18	0,00	6,54E-6
1,12E+3	1,14E+3	1,18	0,16	0,00
1,12E+3	1,14E+3	1,18	0,24	0,00
1,12E+3	1,14E+3	1,18	0,41	0,00
1,12E+3	1,14E+3	1,18	0,12	0,00
1,12E+3	1,14E+3	1,18	0,16	0,00
1,12E+3	1,14E+3	1,18	0,28	0,00
1,12E+3	1,15E+3	1,19	0,49	0,00
1,12E+3	1,15E+3	1,19	0,41	0,00
1,13E+3	1,15E+3	1,19	0,30	0,00
1,13E+3	1,15E+3	1,19	0,32	0,00
1,13E+3	1,15E+3	1,19	0,40	0,00
1,13E+3	1,15E+3	1,19	0,51	0,00
1,13E+3	1,15E+3	1,19	0,61	0,00
