MTS793|BTW|ENU|1|0|.|/|:|1|0|0|A

Data Header:                                                Time:     2.0058594 s         3/30/2023 12:52:47 PM
Data Acquisition: Timed
Station Name: 10504712.cfg
Test File Name: Tracción.tst
Axial Displacement Axial Force Running Time
mm        N         s
-0.0007878989 0.71823597 0.020507813
-7.2189141e-05 1.3332814 0.030273438
0.0096437633 7.2456894 0.040039063
0.024720386 17.364994 0.049804688
0.042522501 28.71409 0.059570313
0.061479572 40.722118 0.069335938
0.077605605 52.232967 0.079101563
0.093580611 62.53846 0.088867188
0.11030711 73.321983 0.098632813
0.12787135 83.482193 0.10839844
0.14352481 93.789322 0.11816406
0.16029921 104.15517 0.12792969
0.17631321 114.69089 0.13769531
0.19330132 125.28829 0.14746094
0.20936191 135.37363 0.15722656
0.22642797 145.35353 0.16699219
0.24211657 155.81281 0.17675781
0.25975078 165.70352 0.18652344
0.27509797 176.5392 0.19628906
0.29196176 186.6848 0.20605469
0.3084155 197.03307 0.21582031
0.32619521 207.68515 0.22558594
0.34176534 216.28067 0.23535156
0.35773101 226.35736 0.24511719
0.37457484 236.30478 0.25488281
0.39111236 246.77359 0.26464844
0.4071424 257.71744 0.27441406
0.42449579 266.99759 0.28417969
0.44076371 276.7601 0.29394531
0.45753157 286.29541 0.30371094
0.47399047 296.00079 0.31347656
0.48964843 306.09692 0.32324219
0.50726253 315.98853 0.33300781
0.52385503 325.88547 0.34277344
0.53985143 335.37283 0.35253906
0.55669063 344.28329 0.36230469
0.57339036 353.41895 0.37207031
0.58953685 363.08176 0.38183594
0.6055547 372.67892 0.39160156
0.62243241 382.41476 0.40136719
0.63909674 391.95782 0.41113281
0.65587878 400.75623 0.42089844
0.67271227 409.5975 0.43066406
0.68876153 418.66644 0.44042969
0.70516568 427.91501 0.45019531
0.72135299 437.22626 0.45996094
0.73792487 446.53113 0.46972656
0.75526041 454.76614 0.47949219
0.77155238 463.58835 0.48925781
0.78814894 472.202  0.49902344
0.80486071 481.05807 0.50878906
0.82171029 490.21268 0.51855469
0.83769876 498.48065 0.52832031
0.85481089 506.68765 0.53808594
0.87144971 514.68616 0.54785156
0.88787329 522.35974 0.55761719
0.90415055 530.21814 0.56738281
0.92135078 538.3949 0.57714844
0.93801254 546.27527 0.58691406
0.95471787 553.14563 0.59667969
0.9710685 560.18024 0.60644531
0.98799473 567.11145 0.61621094
1.0045609 573.51642 0.62597656
1.0209614 580.26062 0.63574219
1.0376489 586.12823 0.64550781
1.0538462 591.87421 0.65527344
1.0706469 596.73505 0.66503906
1.0872259 600.76807 0.67480469
1.1037093 604.99396 0.68457031
1.12047   608.74268 0.69433594
1.1366745 611.77643 0.70410156
1.1539071 613.58008 0.71386719
1.1699117 614.54987 0.72363281
1.186556  614.19287 0.73339844
1.2032136 613.48444 0.74316406
1.2198405 611.55884 0.75292969
1.2357864 609.66217 0.76269531
1.2530559 607.15271 0.77246094
1.2695308 604.20746 0.78222656
1.2867845 600.5976  0.79199219
1.303519  597.04407 0.80175781
1.3194937 593.20685 0.81152344
1.3363144 590.83545 0.82128906
1.3540031 587.73572 0.83105469
1.3695216 585.30707 0.84082031
1.3864888 582.28662 0.85058594
1.4028227 579.11072 0.86035156
1.4195495 577.26428 0.87011719
1.4364921 574.64893 0.87988281
1.4531814 572.65247 0.88964844
1.4687855 570.70306 0.89941406
1.4856302 569.02814 0.90917969
1.5015029 567.39044 0.91894531
1.5189337 565.83087 0.92871094
1.5358638 563.89813 0.93847656
1.5524385 562.98279 0.94824219
1.5691632 562.06042 0.95800781
1.5861048 560.56445 0.96777344
1.6031334 559.31421 0.97753906
1.6189845 557.05536 0.98730469
1.6353121 555.38153 0.99707031
1.6516536 554.29187 1.0068359
1.6683569 553.70325 1.0166016
1.6855899 552.3609  1.0263672
1.7013913 550.72723 1.0361328
1.7186124 549.11365 1.0458984
1.7354084 547.745   1.0556641
1.7517172 546.23059 1.0654297
1.7688129 544.69696 1.0751953
1.7849263 542.94263 1.0849609
1.8013386 540.56622 1.0947266
1.8181583 536.61096 1.1044922
1.8343035 531.85022 1.1142578
1.850824  524.11621 1.1240234
1.8686564 510.3699  1.1337891
1.8890589 169.06567 1.1435547
1.9138405 30.50983  1.1533203
1.9224383 -16.242414 1.1630859
1.9382033 -11.349022 1.1728516
1.9555659 2.6832521 1.1826172
1.971262  4.4269114 1.1923828
1.9884391 3.7245452 1.2021484
2.0058041 1.5763193 1.2119141
2.0213454 -0.82559884 1.2216797
2.0377896 4.0397048 1.2314453
2.0539758 9.3856449 1.2412109
2.0710282 6.1962752 1.2509766
2.0883873 0.96231699 1.2607422
2.1043408 1.5829504 1.2705078
2.1207392 1.7600507 1.2802734
2.1375062 1.8646568 1.2900391
2.1535025 3.6173315 1.2998047
2.1707165 4.3757257 1.3095703
2.1869726 3.9625912 1.3193359
2.2032802 2.8598309 1.3291016
2.2203431 2.4357438 1.3388672
2.2365582 2.5495143 1.3486328
2.2533214 2.6091189 1.3583984
2.2700222 2.1450222 1.3681641
2.2866857 2.9516964 1.3779297
2.3032279 3.8512051 1.3876953
2.3187897 4.1416287 1.3974609
2.3356323 3.5522132 1.4072266
2.3525727 2.7195363 1.4169922
2.3695157 2.5773048 1.4267578
2.3852048 2.8593838 1.4365234
2.402555  3.1642616 1.4462891
2.4190083 3.3727288 1.4560547
2.4353666 4.0832906 1.4658203
2.4521968 4.1201711 1.4755859
2.4684136 3.567487  1.4853516
2.4851239 2.6083736 1.4951172
2.5016894 2.4932623 1.5048828
2.5175662 3.8154423 1.5146484
2.5347705 3.1685829 1.5244141
2.5513499 3.0020623 1.5341797
2.5675905 0.94331801 1.5439453
2.5845196 -0.037699938 1.5537109
2.6007869 0.78544021 1.5634766
2.6173029 0.40143728 1.5732422
2.6344872 1.283288  1.5830078
2.651022  1.1820346 1.5927734
2.667872  1.064688  1.6025391
2.6839805 0.81434846 1.6123047
2.7005582 0.032410026 1.6220703
2.7170753 0.57145953 1.6318359
2.7338212 1.1629611 1.6416016
2.7502217 1.238957  1.6513672
2.7672095 1.3960898 1.6611328
2.7829826 0.70005655 1.6708984
2.7996678 0.75638294 1.6806641
2.8166542 0.55991113 1.6904297
2.8334451 0.17672777 1.7001953
2.849201  1.34103   1.7099609
2.8663075 1.0781735 1.7197266
2.8824975 0.59619546 1.7294922
2.8989618 0.70057809 1.7392578
2.9151571 0.011697412 1.7490234
2.9316649 0.35628676 1.7587891
2.9486213 0.5415082 1.7685547
2.9653783 1.0238588 1.7783203
2.9818277 0.97811222 1.7880859
2.9993682 0.48957765 1.7978516
3.0154459 0.60223043 1.8076172
3.0317433 0.2681464 1.8173828
3.048538  0.68314373 1.8271484
3.0647469 1.6352534 1.8369141
3.0818746 0.69253147 1.8466797
3.0976124 0.96589327 1.8564453
3.1153421 0.33065677 1.8662109
3.1309276 0.36068261 1.8759766
3.1475768 0.42885542 1.8857422
3.1644776 0.67584217 1.8955078
3.1806915 1.2262911 1.9052734
3.197391  1.3295561 1.9150391
3.2136707 0.15512109 1.9248047
3.2306201 0.36634505 1.9345703
3.2463484 0.39190054 1.9443359
3.2632775 0.32745302 1.9541016
3.2810717 0.9457022 1.9638672
3.297586  1.2414902 1.9736328
3.3137574 0.77553093 1.9833984
3.3297553 -0.11354685 1.9931641
3.3466573 0.28505921 2.0029297

