MTS793|BTW|ENU|1|0|.|/|:|1|0|0|A

Data Header:                                                Time:     2.0302734 s         3/30/2023 12:50:46 PM
Data Acquisition: Timed
Station Name: 10504712.cfg
Test File Name: Tracción.tst
Axial Displacement Axial Force Running Time
mm        N         s
-0.00040011946 0.55901706 0.020507813
0.00066452194 0.78111887 0.030273438
0.0096477568 6.2019377 0.040039063
0.02426561 16.81082 0.049804688
0.043237746 28.411299 0.059570313
0.060461577 40.433258 0.069335938
0.07720273 51.385536 0.079101563
0.094045162 61.948448 0.088867188
0.11088091 72.541016 0.098632813
0.12688853 83.368568 0.10839844
0.14343743 93.507843 0.11816406
0.16054709 103.67692 0.12792969
0.17692305 115.29371 0.13769531
0.19311684 125.71663 0.14746094
0.20915845 135.43658 0.15722656
0.22576305 145.44807 0.16699219
0.2428679 156.02357 0.17675781
0.25894746 165.91676 0.18652344
0.27648181 176.78506 0.19628906
0.29220095 187.41347 0.20605469
0.30866599 196.97166 0.21582031
0.32573372 207.02318 0.22558594
0.34192574 216.80721 0.23535156
0.35814697 227.09966 0.24511719
0.37509605 237.43846 0.25488281
0.39220393 248.04823 0.26464844
0.40899712 258.48166 0.27441406
0.42501345 267.65579 0.28417969
0.44130784 277.4407 0.29394531
0.45830336 286.7388 0.30371094
0.4740577 297.40594 0.31347656
0.49136776 307.3877 0.32324219
0.50769103 317.14523 0.33300781
0.52393585 326.48758 0.34277344
0.54038113 335.81689 0.35253906
0.55683726 345.06671 0.36230469
0.57336563 355.173  0.37207031
0.59047091 365.01862 0.38183594
0.60666478 374.50516 0.39160156
0.62328768 384.17035 0.40136719
0.63965243 392.77585 0.41113281
0.65648657 402.10425 0.42089844
0.6730597 410.95764 0.43066406
0.68991733 420.48096 0.44042969
0.70639145 430.07303 0.45019531
0.72174144 438.80875 0.45996094
0.73878056 447.77634 0.46972656
0.75579751 456.74774 0.47949219
0.77218449 465.1889 0.48925781
0.78889614 474.49976 0.49902344
0.80548018 482.91266 0.50878906
0.82133746 492.0788 0.51855469
0.83798128 499.74915 0.52832031
0.85486448 507.78848 0.53808594
0.87166852 515.95856 0.54785156
0.88728952 523.65063 0.55761719
0.90402389 531.79633 0.56738281
0.92127216 540.00946 0.57714844
0.93772048 547.62042 0.58691406
0.95410389 554.61542 0.59667969
0.97070462 561.11475 0.60644531
0.98672414 567.57507 0.61621094
1.0041859 574.20483 0.62597656
1.020546  581.03101 0.63574219
1.0372746 587.52441 0.64550781
1.0537908 592.11591 0.65527344
1.0704963 596.75537 0.66503906
1.0870488 600.89484 0.67480469
1.1034172 604.94287 0.68457031
1.1193591 608.42725 0.69433594
1.1366498 610.64221 0.70410156
1.1541257 612.29443 0.71386719
1.1705602 612.27338 0.72363281
1.1870748 611.04468 0.73339844
1.20356   609.18365 0.74316406
1.220284  606.76801 0.75292969
1.2363437 603.94366 0.76269531
1.2534435 600.99536 0.77246094
1.2707318 597.50305 0.78222656
1.2868767 592.98059 0.79199219
1.3036321 588.9126  0.80175781
1.320105  585.88422 0.81152344
1.3364677 583.07544 0.82128906
1.3535705 579.89691 0.83105469
1.3705041 577.35413 0.84082031
1.3872681 574.3446  0.85058594
1.4034932 571.29346 0.86035156
1.4201102 569.15094 0.87011719
1.4363979 567.36047 0.87988281
1.4528829 565.53741 0.88964844
1.4695698 563.70544 0.89941406
1.4865463 561.68524 0.90917969
1.5025686 559.73126 0.91894531
1.5188472 558.48419 0.92871094
1.5361776 556.96533 0.93847656
1.5528961 556.30182 0.94824219
1.5696003 555.11261 0.95800781
1.5867971 554.00635 0.96777344
1.6029292 552.02911 0.97753906
1.6192671 550.65942 0.98730469
1.6353009 549.72662 0.99707031
1.6522543 549.11993 1.0068359
1.6689913 548.53149 1.0166016
1.6855743 547.53101 1.0263672
1.7021153 546.28156 1.0361328
1.7186234 545.17151 1.0458984
1.7357405 544.55676 1.0556641
1.75228   544.00037 1.0654297
1.7692285 543.69427 1.0751953
1.7861086 543.10394 1.0849609
1.8025318 542.1535  1.0947266
1.8191377 540.72614 1.1044922
1.8354419 539.88086 1.1142578
1.8517157 539.15918 1.1240234
1.8680159 538.92877 1.1337891
1.8846866 538.66992 1.1435547
1.9014925 537.84705 1.1533203
1.9185655 537.48169 1.1630859
1.9347762 536.0589  1.1728516
1.9517634 535.7583  1.1826172
1.967689  535.46582 1.1923828
1.9844046 535.1673  1.2021484
2.0006051 534.56879 1.2119141
2.0170431 533.59991 1.2216797
2.0336504 533.04211 1.2314453
2.0506146 532.48517 1.2412109
2.0673857 531.87646 1.2509766
2.0843263 531.81586 1.2607422
2.1006372 531.34894 1.2705078
2.1167612 530.50854 1.2802734
2.133764  530.09125 1.2900391
2.1508055 529.00598 1.2998047
2.1667492 528.42322 1.3095703
2.1840789 528.2514  1.3193359
2.199796  528.41577 1.3291016
2.2166979 527.39166 1.3388672
2.2330477 526.60669 1.3486328
2.2495944 525.37158 1.3583984
2.2675371 525.02167 1.3681641
2.2831202 523.96796 1.3779297
2.2992513 523.53546 1.3876953
2.3158305 523.04395 1.3974609
2.3325603 521.93542 1.4072266
2.3488541 520.5517  1.4169922
2.3659837 519.59973 1.4267578
2.3822737 518.67462 1.4365234
2.3991511 516.74237 1.4462891
2.4159489 515.41791 1.4560547
2.4322591 512.17865 1.4658203
2.4490712 507.0498  1.4755859
2.4654782 498.05548 1.4853516
2.487766  49.751625 1.4951172
2.5119038 30.714199 1.5048828
2.5209737 0.099465251 1.5146484
2.5353994 -18.421635 1.5244141
2.5524735 -9.9889936 1.5341797
2.5683665 -5.8197975 1.5439453
2.5862775 -4.3818355 1.5537109
2.6025243 -4.080832 1.5634766
2.619628  -11.047422 1.5732422
2.6360383 -10.316149 1.5830078
2.652442  -1.1897087 1.5927734
2.6689489 1.0792911 1.6025391
2.6857231 -4.1746349 1.6123047
2.7022765 -8.5096064 1.6220703
2.7182269 -7.0902705 1.6318359
2.7354307 -6.2762947 1.6416016
2.751802  -5.4454803 1.6513672
2.7687538 -4.3538213 1.6611328
2.7848787 -4.363656 1.6708984
2.8013232 -5.4225326 1.6806641
2.8172951 -5.4856391 1.6904297
2.8338046 -6.7231059 1.7001953
2.8505988 -7.0751457 1.7099609
2.8668244 -6.3599644 1.7197266
2.8839507 -6.0669332 1.7294922
2.9004602 -6.0359387 1.7392578
2.9170091 -6.3941627 1.7490234
2.9341815 -5.3707509 1.7587891
2.9502881 -5.6272745 1.7685547
2.9659793 -6.1196833 1.7783203
2.9831054 -6.4585357 1.7880859
2.9999785 -6.7424774 1.7978516
3.0159757 -5.997345 1.8076172
3.032671  -6.1452389 1.8173828
3.0492089 -5.5152922 1.8271484
3.065794  -5.4862351 1.8369141
3.0830171 -5.7427588 1.8466797
3.0995886 -5.9513001 1.8564453
3.1156416 -6.9619713 1.8662109
3.1331577 -6.8575888 1.8759766
3.1494007 -5.7317314 1.8857422
3.1654232 -6.1110406 1.8955078
3.1820266 -5.7206302 1.9052734
3.198621  -6.8383665 1.9150391
3.2151251 -6.7786126 1.9248047
3.2327526 -6.1178951 1.9345703
3.2488744 -6.5235796 1.9443359
3.2648115 -6.1158838 1.9541016
3.2812436 -5.97544  1.9638672
3.2972374 -6.3475223 1.9736328
3.3143175 -6.5594168 1.9833984
3.331136  -6.9362669 1.9931641
3.3471248 -5.9240313 2.0029297
3.36341   -6.1308594 2.0126953
3.3802066 -6.1211734 2.0224609

