MTS793|BTW|ENU|1|0|.|/|:|1|0|0|A

Data Header:                                                Time:     2.1103516 s         3/30/2023 12:31:31 PM
Data Acquisition: Timed
Station Name: 10504712.cfg
Test File Name: Tracción.tst
Axial Displacement Axial Force Running Time
mm        N         s
0.00039809383 0.12636185 0.020507813
9.4762072e-05 -1.020506 0.030273438
0.00027673086 -1.1399388 0.040039063
0.00070930691 -0.6121397 0.049804688
0.0040885876 2.8339028 0.059570313
0.017297769 14.552847 0.069335938
0.034758601 28.896555 0.079101563
0.052559968 43.832214 0.088867188
0.070311069 57.592018 0.098632813
0.086243182 71.183968 0.10839844
0.10286068 84.755272 0.11816406
0.11963433 98.629669 0.12792969
0.13525538 111.66498 0.13769531
0.15214708 125.0644 0.14746094
0.16914272 138.17743 0.15722656
0.1851445 150.63815 0.16699219
0.20251372 165.09615 0.17675781
0.21914907 179.21172 0.18652344
0.23578851 192.67819 0.19628906
0.25104412 204.99304 0.20605469
0.26912481 218.10056 0.21582031
0.28624547 231.29233 0.22558594
0.30300921 244.39142 0.23535156
0.31948578 258.26694 0.24511719
0.33600873 271.91489 0.25488281
0.35240027 284.4035 0.26464844
0.36876491 296.51874 0.27441406
0.38511467 308.90192 0.28417969
0.40150648 321.54517 0.29394531
0.41782135 334.55103 0.30371094
0.43449616 347.16898 0.31347656
0.45092559 359.8931 0.32324219
0.467545  372.21954 0.33300781
0.48400632 384.01431 0.34277344
0.49987376 396.36218 0.35253906
0.51648003 408.74512 0.36230469
0.53313488 421.59103 0.37207031
0.54912043 433.99152 0.38183594
0.56666636 446.20871 0.39160156
0.58310491 458.54565 0.40136719
0.5992229 470.20578 0.41113281
0.61602056 482.24731 0.42089844
0.63304639 494.51108 0.43066406
0.64852703 506.51288 0.44042969
0.66489124 518.46478 0.45019531
0.68265045 530.20337 0.45996094
0.69823998 541.26208 0.46972656
0.71513957 553.08234 0.47949219
0.73214829 564.87469 0.48925781
0.74789846 577.00806 0.49902344
0.76456726 588.19708 0.50878906
0.78101259 598.9007 0.51855469
0.79764414 609.69135 0.52832031
0.81419635 620.77429 0.53808594
0.83112735 632.2417 0.54785156
0.84749538 643.63684 0.55761719
0.86369139 654.90668 0.56738281
0.88030356 665.45654 0.57714844
0.89680821 675.24084 0.58691406
0.91357732 685.9212 0.59667969
0.93070358 697.07086 0.60644531
0.94755501 707.68091 0.61621094
0.96341002 718.00616 0.62597656
0.97971779 727.62225 0.63574219
0.9966048 737.23804 0.64550781
1.0133524 746.76227 0.65527344
1.0299821 755.87195 0.66503906
1.0463055 765.96674 0.67480469
1.063031  775.60541 0.68457031
1.0790651 784.93475 0.69433594
1.0959175 793.5022  0.70410156
1.112191  801.16132 0.71386719
1.1295187 809.83154 0.72363281
1.1458764 817.26758 0.73339844
1.1626432 825.71393 0.74316406
1.178465  832.86304 0.75292969
1.194831  840.27112 0.76269531
1.2109587 846.69537 0.77246094
1.2276952 852.13513 0.78222656
1.2447881 858.15411 0.79199219
1.2621125 863.92572 0.80175781
1.2780113 868.8606  0.81152344
1.2951261 873.41907 0.82128906
1.3115681 876.38965 0.83105469
1.3281808 878.50342 0.84082031
1.3455007 880.51672 0.85058594
1.3612862 880.77972 0.86035156
1.3783847 881.49872 0.87011719
1.3950816 880.53259 0.87988281
1.4120584 879.23004 0.88964844
1.4277999 876.33954 0.89941406
1.4452211 873.24969 0.90917969
1.46121   869.52643 0.91894531
1.4776614 865.87897 0.92871094
1.4943087 861.93408 0.93847656
1.5114398 858.20984 0.94824219
1.5280256 852.97284 0.95800781
1.5449134 848.83313 0.96777344
1.5617188 845.69482 0.97753906
1.5782276 841.29352 0.98730469
1.5945584 838.05109 0.99707031
1.6108766 834.52948 1.0068359
1.628343  831.58447 1.0166016
1.6448916 828.00452 1.0263672
1.6609958 824.44983 1.0361328
1.6773022 821.09076 1.0458984
1.6948973 818.26947 1.0556641
1.7110746 815.53235 1.0654297
1.7277519 812.68719 1.0751953
1.7441442 808.4776  1.0849609
1.7608749 804.26318 1.0947266
1.7772762 800.6004  1.1044922
1.7944349 795.99634 1.1142578
1.8113641 791.48926 1.1240234
1.8281405 785.09692 1.1337891
1.844537  776.77051 1.1435547
1.8613772 765.81879 1.1533203
1.8777291 749.09009 1.1630859
1.8953711 702.80969 1.1728516
1.9334913 -105.30114 1.1826172
1.9324133 5.6345015 1.1923828
1.9516877 19.984171 1.2021484
1.9649378 2.1888316 1.2119141
1.9824942 -8.4288416 1.2216797
2.0004635 -13.268291 1.2314453
2.0157459 -6.4864755 1.2412109
2.0326207 2.3352356 1.2509766
2.0496085 -3.2269211 1.2607422
2.0656459 -17.13924 1.2705078
2.0825405 -17.478392 1.2802734
2.0991189 -6.4615908 1.2900391
2.115633  -0.78447163 1.2998047
2.1315465 -1.6614795 1.3095703
2.1481524 -4.4082108 1.3193359
2.1653085 -8.3857775 1.3291016
2.1812632 -11.260807 1.3388672
2.1983318 -10.797456 1.3486328
2.2151692 -8.7994337 1.3583984
2.2311077 -6.505847 1.3681641
2.2478926 -6.3315778 1.3779297
2.2649529 -6.875247 1.3876953
2.2806139 -6.8223476 1.3974609
2.2975111 -8.2334127 1.4072266
2.3144455 -10.030418 1.4169922
2.3307447 -10.086298 1.4267578
2.346895  -8.5560236 1.4365234
2.3639867 -7.3974581 1.4462891
2.3801568 -6.7134948 1.4560547
2.3967927 -7.1372089 1.4658203
2.4136639 -8.6540728 1.4755859
2.4297478 -9.1259184 1.4853516
2.4460804 -8.2928686 1.4951172
2.4633136 -7.7563524 1.5048828
2.4796965 -8.0836563 1.5146484
2.4959011 -8.1378222 1.5244141
2.5131001 -8.3186474 1.5341797
2.5297136 -8.0725555 1.5439453
2.5454533 -8.0204754 1.5537109
2.5628865 -8.3817539 1.5634766
2.5791538 -7.8162551 1.5732422
2.5948372 -8.0735979 1.5830078
2.6121254 -8.9579821 1.5927734
2.6288469 -9.4193964 1.6025391
2.6450651 -8.6218119 1.6123047
2.6615326 -7.9005213 1.6220703
2.6782837 -7.4487925 1.6318359
2.6961977 -8.2630663 1.6416016
2.7119596 -8.9030714 1.6513672
2.7276099 -8.2536783 1.6611328
2.7446351 -8.9678173 1.6708984
2.7610762 -7.8297405 1.6806641
2.7787406 -7.81849  1.6904297
2.7947779 -7.7189503 1.7001953
2.8101933 -7.8709421 1.7099609
2.8275065 -8.7323036 1.7197266
2.8437037 -8.8929386 1.7294922
2.8603313 -8.7848301 1.7392578
2.8775618 -8.1405048 1.7490234
2.8930078 -7.8715382 1.7587891
2.9102235 -8.9932232 1.7685547
2.9258468 -8.5354595 1.7783203
2.9427092 -8.9815254 1.7880859
2.9604359 -9.0897827 1.7978516
2.9758787 -8.0395489 1.8076172
2.9922409 -8.006319 1.8173828
3.0095038 -8.2682076 1.8271484
3.025877  -8.5229425 1.8369141
3.0426593 -8.743331 1.8466797
3.0587559 -8.9418888 1.8564453
3.0756595 -8.5993853 1.8662109
3.0912766 -7.6110659 1.8759766
3.1085522 -7.9283118 1.8857422
3.1258376 -8.2264099 1.8955078
3.1422825 -8.6248665 1.9052734
3.1587148 -8.4985046 1.9150391
3.174545  -8.8318434 1.9248047
3.1908514 -8.533597 1.9345703
3.2077866 -7.7582893 1.9443359
3.2250104 -7.6343865 1.9541016
3.2407963 -8.4572287 1.9638672
3.2577188 -9.703413 1.9736328
3.2751637 -8.3629789 1.9833984
3.2908478 -8.4763765 1.9931641
3.3074901 -8.0681591 2.0029297
3.3240812 -7.7402592 2.0126953
3.340621  -8.6314974 2.0224609
3.357091  -9.3702974 2.0322266
3.3736298 -8.8235741 2.0419922
3.3902485 -8.6209183 2.0517578
3.4069846 -8.6033344 2.0615234
3.4232209 -7.9005213 2.0712891
3.4398499 -8.3576145 2.0810547
3.4556689 -8.3902473 2.0908203
3.4731696 -9.0079756 2.1005859

