MTS793|BTW|ENU|1|0|.|/|:|1|0|0|A

Data Header:                                                Time:     2.0068359 s         3/30/2023 12:28:04 PM
Data Acquisition: Timed
Station Name: 10504712.cfg
Test File Name: Tracción.tst
Axial Displacement Axial Force Running Time
mm        N         s
-0.00086590881 -1.6979873 0.020507813
0.00090455869 -0.39026141 0.030273438
-0.00033780234 -0.079646707 0.040039063
0.0013064593 1.0254234 0.049804688
0.011335802 9.2550364 0.059570313
0.027422898 21.9547 0.069335938
0.045328818 36.567299 0.079101563
0.062342256 51.817745 0.088867188
0.079383016 65.944344 0.098632813
0.096331224 79.875587 0.10839844
0.11219367 92.603638 0.11816406
0.12841015 105.58777 0.12792969
0.14513469 118.81284 0.13769531
0.16142496 132.88535 0.14746094
0.17858613 147.54988 0.15722656
0.19552732 159.96635 0.16699219
0.2112373 173.52975 0.17675781
0.22823928 186.56082 0.18652344
0.24536477 198.78537 0.19628906
0.26144069 211.65311 0.20605469
0.27675182 225.36621 0.21582031
0.2934517 238.98326 0.22558594
0.31045517 251.96925 0.23535156
0.32590947 264.31732 0.24511719
0.34360361 277.33817 0.25488281
0.3608177 289.86423 0.26464844
0.37608966 302.82104 0.27441406
0.39310807 316.26099 0.28417969
0.40944901 329.04297 0.29394531
0.42670307 341.57751 0.30371094
0.44295862 354.20953 0.31347656
0.45873678 365.83066 0.32324219
0.47552234 378.71771 0.33300781
0.49219641 391.01474 0.34277344
0.50808954 403.79132 0.35253906
0.52555996 416.22876 0.36230469
0.54253048 427.85214 0.37207031
0.55879974 440.01764 0.38183594
0.5747174 452.06439 0.39160156
0.59135622 464.71762 0.40136719
0.60751992 477.65167 0.41113281
0.62442148 489.17108 0.42089844
0.64018989 501.21121 0.43066406
0.65745896 511.92868 0.44042969
0.67329168 523.99628 0.45019531
0.68978995 536.45099 0.45996094
0.70734006 548.22705 0.46972656
0.72300196 560.18201 0.47949219
0.73987007 571.32117 0.48925781
0.75634992 582.09943 0.49902344
0.77310365 593.33508 0.50878906
0.7891537 604.24304 0.51855469
0.80550164 616.17902 0.52832031
0.8225795 627.46625 0.53808594
0.83885527 638.38104 0.54785156
0.85550362 648.74445 0.55761719
0.87125629 658.78821 0.56738281
0.88870323 670.12225 0.57714844
0.90590137 681.33472 0.58691406
0.92245704 691.74341 0.59667969
0.93844247 702.43542 0.60644531
0.95460409 711.87976 0.61621094
0.97215056 721.67523 0.62597656
0.98763484 731.80151 0.63574219
1.0044446 741.15729 0.64550781
1.0204552 751.82971 0.65527344
1.037434  761.40607 0.66503906
1.0545443 770.67926 0.67480469
1.0711694 779.48383 0.68457031
1.087742  787.79346 0.69433594
1.1036576 796.15259 0.70410156
1.1196998 804.69073 0.71386719
1.1370904 813.78333 0.72363281
1.1537935 821.32678 0.73339844
1.1699855 828.34686 0.74316406
1.1864775 835.12616 0.75292969
1.2032181 842.03845 0.76269531
1.218833  848.40063 0.77246094
1.2373214 854.8457  0.78222656
1.2529823 860.71356 0.79199219
1.2695804 864.97827 0.80175781
1.2862078 869.50763 0.81152344
1.3027548 872.99585 0.82128906
1.320435  876.97241 0.83105469
1.3366239 879.63159 0.84082031
1.3534131 881.99957 0.85058594
1.368944  882.14209 0.86035156
1.386193  881.4679  0.87011719
1.4025607 881.21942 0.87988281
1.4203249 880.10773 0.88964844
1.4367594 878.39722 0.89941406
1.4532408 876.66486 0.90917969
1.4698101 873.14734 0.91894531
1.4856107 869.90747 0.92871094
1.5027896 865.96454 0.93847656
1.5202224 862.185   0.94824219
1.5359639 859.23236 0.95800781
1.5525603 855.94617 0.96777344
1.5696287 852.44952 0.97753906
1.5862243 849.47583 0.98730469
1.6032954 845.60992 0.99707031
1.6197548 842.50903 1.0068359
1.6358994 838.9552  1.0166016
1.6521738 836.57196 1.0263672
1.6689006 834.32642 1.0361328
1.6855253 831.40631 1.0458984
1.7026613 828.70862 1.0556641
1.7192712 825.2627  1.0654297
1.7359356 822.20807 1.0751953
1.7521789 819.88739 1.0849609
1.7690651 817.71503 1.0947266
1.7861326 814.94745 1.1044922
1.8024544 811.66949 1.1142578
1.8190421 808.55548 1.1240234
1.8354906 804.70746 1.1337891
1.8522793 801.37128 1.1435547
1.868536  797.95441 1.1533203
1.8855529 793.75238 1.1630859
1.9029865 788.69244 1.1728516
1.9184341 782.8551  1.1826172
1.9351864 774.61023 1.1923828
1.9520442 763.24481 1.2021484
1.9692063 742.80042 1.2119141
1.9869795 535.6861  1.2216797
2.0197167 -16.185343 1.2314453
2.0279117 -75.054543 1.2412109
2.039571  -24.612396 1.2509766
2.058825  -6.3460321 1.2607422
2.0734718 0.081509352 1.2705078
2.0899863 -3.4935772 1.2802734
2.1071472 -13.85875 1.2900391
2.1242027 -8.2493572 1.2998047
2.1405718 4.9649925 1.3095703
2.157146  1.219511  1.3193359
2.1738279 -12.037457 1.3291016
2.1891117 -15.748888 1.3388672
2.2061565 -11.492595 1.3486328
2.2234771 -7.4335933 1.3583984
2.2391706 -4.9946456 1.3681641
2.2561517 -4.602149 1.3779297
2.273412  -6.6885352 1.3876953
2.2894697 -8.8242445 1.3974609
2.3056555 -10.098741 1.4072266
2.3219163 -9.894371 1.4169922
2.3391693 -9.3924999 1.4267578
2.3553579 -8.8010731 1.4365234
2.3715894 -7.8310819 1.4462891
2.3886533 -7.2599945 1.4560547
2.4057636 -7.8458338 1.4658203
2.4217999 -7.5639782 1.4755859
2.4381857 -8.4503736 1.4853516
2.4554386 -9.2288857 1.4951172
2.4718463 -8.9600677 1.5048828
2.4881938 -8.8297577 1.5146484
2.5040112 -7.9026074 1.5244141
2.5212474 -7.7628345 1.5341797
2.5375702 -8.0257654 1.5439453
2.5540082 -8.6860361 1.5537109
2.5711689 -9.235218 1.5634766
2.5871153 -9.8823757 1.5732422
2.6038871 -9.2037764 1.5830078
2.6209636 -7.9602747 1.5927734
2.6367192 -8.0240517 1.6025391
2.6531675 -8.0391769 1.6123047
2.6703517 -8.950531 1.6220703
2.6879516 -8.9337673 1.6318359
2.7036235 -8.9271364 1.6416016
2.7206426 -8.4143877 1.6513672
2.7361803 -7.7977033 1.6611328
2.7523148 -7.9842658 1.6708984
2.7690701 -8.735508 1.6806641
2.7855144 -8.5354595 1.6904297
2.8025928 -8.9036674 1.7001953
2.8189869 -9.894371 1.7099609
2.8354509 -8.2249193 1.7197266
2.8520615 -7.9458208 1.7294922
2.8694792 -9.039566 1.7392578
2.8860569 -8.7669487 1.7490234
2.901778  -9.0930614 1.7587891
2.9183903 -9.03897  1.7685547
2.9350038 -8.5820999 1.7783203
2.9515417 -8.2648544 1.7880859
2.9676263 -8.2636623 1.7978516
2.9849646 -9.4881649 1.8076172
3.0012839 -8.9377909 1.8173828
3.0180562 -8.7338686 1.8271484
3.0345964 -8.417964 1.8369141
3.0512736 -8.2504749 1.8466797
3.0678265 -8.2807989 1.8564453
3.0851786 -8.4330139 1.8662109
3.1006713 -8.4733219 1.8759766
3.1163647 -8.9694557 1.8857422
3.1348076 -8.9292974 1.8955078
3.1503267 -8.8377295 1.9052734
3.1679637 -7.8874083 1.9150391
3.18432   -8.029789 1.9248047
3.2002666 -9.0366602 1.9345703
3.2160685 -9.2758236 1.9443359
3.2335579 -9.6350164 1.9541016
3.2506998 -9.2550364 1.9638672
3.2664142 -8.3862247 1.9736328
3.2829132 -8.6840992 1.9833984
3.2997365 -9.4541912 1.9931641
3.3158913 -8.9650602 2.0029297

