MTS793|BTW|ENU|1|0|.|/|:|1|0|0|A

Data Header:                                                Time:     1.8212891 s         3/30/2023 12:29:46 PM
Data Acquisition: Timed
Station Name: 10504712.cfg
Test File Name: Tracción.tst
Axial Displacement Axial Force Running Time
mm        N         s
-0.00088507077 0.17002225 0.01953125
-0.00075310236 -0.098869205 0.029296875
0.0030438881 3.9831548 0.0390625
0.017512368 15.250072 0.048828125
0.033425912 29.836447 0.05859375
0.051446587 44.180901 0.068359375
0.066855855 57.507008 0.078125
0.084298871 70.556847 0.087890625
0.10105071 83.987045 0.09765625
0.11722809 98.211914 0.10742188
0.13292105 111.85646 0.1171875
0.15012874 125.40378 0.12695313
0.16707583 139.07135 0.13671875
0.18205363 151.46046 0.14648438
0.19898966 164.39497 0.15625
0.21596017 178.80029 0.16601563
0.23284388 192.44067 0.17578125
0.24917051 205.7907 0.18554688
0.26658547 218.88211 0.1953125
0.28179953 231.33389 0.20507813
0.29897812 244.26915 0.21484375
0.31581134 257.84225 0.22460938
0.33204088 271.04065 0.234375
0.34836024 284.06158 0.24414063
0.36457708 296.53793 0.25390625
0.38080549 308.84201 0.26367188
0.3983027 322.10632 0.2734375
0.41468564 334.69855 0.28320313
0.43070081 347.55289 0.29296875
0.44739187 360.40945 0.30273438
0.46387342 373.30121 0.3125
0.48032415 384.97305 0.32226563
0.49682197 397.41452 0.33203125
0.51345021 409.42743 0.34179688
0.52990097 422.24496 0.3515625
0.54626274 435.23727 0.36132813
0.56378943 447.49152 0.37109375
0.57924813 459.30927 0.38085938
0.59635288 471.4838 0.390625
0.61248857 483.14374 0.40039063
0.62907356 495.14645 0.41015625
0.64531386 507.78519 0.41992188
0.6630649 520.03802 0.4296875
0.6784687 531.74939 0.43945313
0.69557607 543.38025 0.44921875
0.71141338 554.29407 0.45898438
0.72904259 566.24396 0.46875
0.74550533 578.04456 0.47851563
0.76178807 590.08612 0.48828125
0.77796024 601.30096 0.49804688
0.79511249 611.97156 0.5078125
0.81148857 623.22449 0.51757813
0.82802176 634.19867 0.52734375
0.84422523 645.62048 0.53710938
0.86059827 656.72009 0.546875
0.87797934 667.67682 0.55664063
0.89406455 678.46039 0.56640625
0.91034997 688.87292 0.57617188
0.92743891 699.42242 0.5859375
0.94434428 709.00171 0.59570313
0.96060926 719.59882 0.60546875
0.9765926 730.04785 0.61523438
0.99344397 740.22064 0.625
1.0105665 749.84076 0.63476563
1.0266811 759.18237 0.64453125
1.0430697 768.68634 0.65429688
1.0598402 778.31787 0.6640625
1.076232  787.17877 0.67382813
1.0925474 796.3158  0.68359375
1.109983  805.034   0.69335938
1.125885  813.09143 0.703125
1.1431849 820.96313 0.71289063
1.1591592 828.8689  0.72265625
1.1751041 836.31561 0.73242188
1.1921264 844.22748 0.7421875
1.2084483 851.12079 0.75195313
1.2255167 857.24756 0.76171875
1.2416331 862.32867 0.77148438
1.2584943 867.84015 0.78125
1.2747517 873.32739 0.79101563
1.2909873 877.7182  0.80078125
1.3092133 881.74268 0.81054688
1.3258755 884.2027  0.8203125
1.3414705 886.48352 0.83007813
1.3586069 888.4342  0.83984375
1.3751872 888.78033 0.84960938
1.3910766 889.49945 0.859375
1.4085536 889.42926 0.86914063
1.4244797 888.224   0.87890625
1.4418658 885.95264 0.88867188
1.4578408 883.00507 0.8984375
1.4741261 879.92639 0.90820313
1.4915539 877.06067 0.91796875
1.5085849 874.37445 0.92773438
1.5242549 870.67914 0.9375
1.5417002 867.59222 0.94726563
1.5579032 863.45709 0.95703125
1.5747662 859.97986 0.96679688
1.5921878 857.34308 0.9765625
1.608481  854.57153 0.98632813
1.6243895 851.89307 0.99609375
1.6411479 848.70282 1.0058594
1.657614  845.2688  1.015625
1.674415  842.45123 1.0253906
1.6918272 840.04089 1.0351563
1.7081422 837.84851 1.0449219
1.7250674 835.63513 1.0546875
1.7414368 833.51508 1.0644531
1.7582588 830.90698 1.0742188
1.7744739 828.13495 1.0839844
1.790347  825.64929 1.09375
1.8078241 824.2912  1.1035156
1.8234895 822.92487 1.1132813
1.8410264 820.99756 1.1230469
1.8571433 818.82349 1.1328125
1.874635  816.05481 1.1425781
1.8903455 814.05341 1.1523438
1.9076413 812.41309 1.1621094
1.9242634 810.48175 1.171875
1.940954  808.80988 1.1816406
1.9569792 806.65143 1.1914063
1.9743379 803.40826 1.2011719
1.9906806 801.18683 1.2109375
2.0067971 798.64746 1.2207031
2.023387  796.80579 1.2304688
2.0406964 794.65887 1.2402344
2.0570796 792.13696 1.25
2.0731785 788.16296 1.2597656
2.0901556 784.33801 1.2695313
2.1071169 780.52393 1.2792969
2.1233037 776.17126 1.2890625
2.1405191 770.48828 1.2988281
2.1571763 760.95325 1.3085938
2.1742179 744.81842 1.3183594
2.1910038 711.10339 1.328125
2.2197876 111.72213 1.3378906
2.2374976 -35.238041 1.3476563
2.250145  -42.799786 1.3574219
2.2625861 -5.8013945 1.3671875
2.2810011 -2.0007789 1.3769531
2.2964482 1.9373745 1.3867188
2.3134246 -3.1176953 1.3964844
2.3301277 -11.511072 1.40625
2.3463259 -1.9016117 1.4160156
2.3633735 10.180622 1.4257813
2.3803086 4.0115414 1.4355469
2.3970864 -7.326901 1.4453125
2.4137337 -10.224878 1.4550781
2.4287641 -5.7004395 1.4648438
2.4469774 -2.3380666 1.4746094
2.462744  1.2227148 1.484375
2.4797299 1.572147  1.4941406
2.4957619 -0.76279044 1.5039063
2.5129354 -2.8127432 1.5136719
2.5285146 -3.6212058 1.5234375
2.5460198 -4.8288703 1.5332031
2.5620279 -4.5149031 1.5429688
2.5782251 -2.041012 1.5527344
2.5952268 -1.3528019 1.5625
2.6113753 -1.6523153 1.5722656
2.6285439 -3.2099338 1.5820313
2.6447272 -3.8773565 1.5917969
2.6614156 -3.8914382 1.6015625
2.6777747 -3.5558641 1.6113281
2.6944993 -2.9489398 1.6210938
2.7106714 -2.2937357 1.6308594
2.7273419 -2.708286 1.640625
2.7441278 -2.9560924 1.6503906
2.7611372 -2.9321015 1.6601563
2.7772651 -3.4533441 1.6699219
2.7932982 -3.3612549 1.6796875
2.8099577 -3.58887  1.6894531
2.8265274 -3.143996 1.6992188
2.84372   -2.9467793 1.7089844
2.8605444 -3.6900492 1.71875
2.8768914 -2.7400255 1.7285156
2.8932059 -3.0032544 1.7382813
2.9097743 -3.182888 1.7480469
2.926019  -3.1945109 1.7578125
2.942589  -3.6284328 1.7675781
2.9588947 -3.7384777 1.7773438
2.976126  -3.7158279 1.7871094
2.9915617 -2.7001648 1.796875
3.0091736 -2.9057264 1.8066406
3.0250852 -2.7043371 1.8164063

