G.U.N.T. Gerätebau GmbH
Hanskampring 15-17 , D- 22885 BarsbüttelPhone: +49 40 / 67 08 54 - 0 , Fax: +49 40 / 67 08 54 - 42

Fecha : 19/4/2023	Tiempo: 12:57:48

WP 510	Máquina para ensayo de torsión, 200Nm

Nombre


Comentario


Cálculos
M_tb	5.393225 Nm
tau_tb	0.023954N/mm^2


Valores medidos
#	Ángulo de torsión en deg 	Ángulo de deslizamiento en rad 	Momento de torsión en Nm 	Tensión de cizallamiento en N/mm^2 
1,00	1,00	0,00	0,15	0,00
2,00	2,00	0,00	0,07	0,00
3,00	3,00	0,00	0,12	0,00
4,00	4,10	0,00	0,02	0,00
5,00	5,10	0,01	0,06	0,00
6,00	6,20	0,01	0,35	0,00
7,00	7,20	0,01	0,69	0,00
8,00	8,20	0,01	0,85	0,00
9,00	9,20	0,01	1,10	0,00
10,00	10,20	0,01	1,41	0,01
11,00	11,30	0,01	1,66	0,01
12,00	12,30	0,01	1,46	0,01
13,00	13,30	0,01	1,57	0,01
14,00	14,30	0,01	1,73	0,01
15,00	15,30	0,02	1,99	0,01
16,00	16,40	0,02	2,31	0,01
17,00	17,40	0,02	2,08	0,01
18,00	18,40	0,02	2,39	0,01
19,00	19,40	0,02	2,57	0,01
20,00	20,40	0,02	2,61	0,01
21,00	21,40	0,02	2,75	0,01
22,00	22,50	0,02	3,03	0,01
23,00	23,50	0,02	3,09	0,01
24,00	24,50	0,03	3,25	0,01
25,00	25,50	0,03	3,39	0,02
26,00	26,50	0,03	3,43	0,02
27,00	27,50	0,03	3,40	0,02
28,00	28,50	0,03	3,56	0,02
29,00	29,50	0,03	3,55	0,02
30,00	30,50	0,03	3,80	0,02
31,00	31,50	0,03	3,69	0,02
32,00	32,50	0,03	3,77	0,02
33,00	33,50	0,03	3,88	0,02
34,00	34,50	0,04	3,97	0,02
35,00	35,50	0,04	4,08	0,02
36,00	36,50	0,04	4,27	0,02
37,00	37,50	0,04	4,29	0,02
38,00	38,50	0,04	4,23	0,02
39,00	39,50	0,04	4,20	0,02
40,00	40,50	0,04	4,13	0,02
41,00	41,50	0,04	4,34	0,02
42,00	42,50	0,04	4,41	0,02
43,00	43,50	0,05	4,47	0,02
44,00	44,50	0,05	4,46	0,02
45,00	45,50	0,05	4,53	0,02
46,00	46,50	0,05	4,66	0,02
47,00	47,50	0,05	4,86	0,02
48,00	48,50	0,05	5,00	0,02
49,00	49,50	0,05	4,74	0,02
50,00	50,50	0,05	4,81	0,02
51,00	51,50	0,05	4,77	0,02
52,00	52,50	0,05	4,87	0,02
53,00	53,50	0,06	5,13	0,02
54,00	54,50	0,06	5,25	0,02
55,00	55,50	0,06	5,13	0,02
56,00	56,60	0,06	4,95	0,02
57,00	57,70	0,06	4,93	0,02
58,00	58,70	0,06	5,02	0,02
59,00	59,70	0,06	4,99	0,02
60,00	60,70	0,06	5,17	0,02
61,00	61,70	0,06	4,98	0,02
62,00	62,70	0,06	4,87	0,02
63,00	63,70	0,07	4,72	0,02
64,00	64,80	0,07	4,86	0,02
65,00	65,80	0,07	5,08	0,02
66,00	66,80	0,07	4,86	0,02
67,00	67,80	0,07	5,07	0,02
68,00	68,80	0,07	4,99	0,02
69,00	69,80	0,07	5,03	0,02
70,00	70,80	0,07	5,19	0,02
71,00	71,80	0,07	5,11	0,02
72,00	72,80	0,08	5,10	0,02
73,00	73,80	0,08	5,01	0,02
74,00	74,80	0,08	4,83	0,02
75,00	75,80	0,08	5,01	0,02
76,00	76,80	0,08	4,88	0,02
77,00	77,90	0,08	4,87	0,02
78,00	78,90	0,08	4,85	0,02
79,00	79,90	0,08	5,05	0,02
80,00	80,90	0,08	5,06	0,02
81,00	81,90	0,08	5,10	0,02
82,00	82,90	0,09	5,23	0,02
83,00	83,90	0,09	5,13	0,02
84,00	84,90	0,09	5,22	0,02
85,00	85,90	0,09	5,39	0,02
86,00	86,90	0,09	5,28	0,02
87,00	87,90	0,09	5,20	0,02
88,00	88,90	0,09	5,23	0,02
89,00	89,90	0,09	5,07	0,02
90,00	90,90	0,09	5,10	0,02
91,00	91,90	0,10	5,14	0,02
92,00	92,90	0,10	5,18	0,02
93,00	94,00	0,10	4,98	0,02
94,00	95,00	0,10	5,12	0,02
95,00	96,00	0,10	4,97	0,02
96,00	97,10	0,10	5,06	0,02
97,00	98,10	0,10	5,06	0,02
98,00	99,20	0,10	4,79	0,02
99,00	100,20	0,10	4,98	0,02
100,00	101,20	0,10	4,86	0,02
101,00	102,30	0,11	4,89	0,02
102,00	103,30	0,11	4,75	0,02
103,00	104,30	0,11	4,77	0,02
104,00	105,40	0,11	4,83	0,02
105,00	106,40	0,11	4,85	0,02
106,00	107,40	0,11	4,79	0,02
107,00	108,50	0,11	4,67	0,02
108,00	109,50	0,11	4,69	0,02
109,00	110,60	0,11	4,60	0,02
110,00	111,60	0,12	4,80	0,02
111,00	112,60	0,12	4,81	0,02
112,00	113,70	0,12	4,86	0,02
113,00	114,70	0,12	4,79	0,02
114,00	115,70	0,12	4,92	0,02
115,00	116,80	0,12	4,94	0,02
116,00	117,80	0,12	4,90	0,02
117,00	118,80	0,12	3,72	0,02
118,00	119,90	0,12	2,64	0,01
119,00	120,90	0,13	1,81	0,01
120,00	121,90	0,13	1,32	0,01
121,00	123,00	0,13	0,79	0,00
122,00	124,00	0,13	0,65	0,00
123,00	125,10	0,13	0,41	0,00
124,00	126,10	0,13	0,18	0,00
125,00	127,10	0,13	0,13	0,00
126,00	128,20	0,13	0,06	0,00
127,00	129,20	0,13	0,17	0,00
128,00	130,20	0,13	0,12	0,00
129,00	131,30	0,14	0,23	0,00
130,00	132,30	0,14	0,22	0,00
131,00	133,30	0,14	0,20	0,00
132,00	134,30	0,14	0,37	0,00
133,00	135,30	0,14	0,32	0,00
134,00	136,30	0,14	0,44	0,00
135,00	137,30	0,14	0,31	0,00
136,00	138,30	0,14	0,25	0,00
137,00	139,30	0,14	0,06	0,00
138,00	140,30	0,15	0,15	0,00
