G.U.N.T. Gerätebau GmbH
Hanskampring 15-17 , D- 22885 BarsbüttelPhone: +49 40 / 67 08 54 - 0 , Fax: +49 40 / 67 08 54 - 42

Fecha : 8/5/2023	Tiempo: 15:16:39

WP 510	Máquina para ensayo de torsión, 200Nm

Cálculos
M_tb	5.138164 Nm
tau_tb	0.000000N/mm^2


Valores medidos
#	Ángulo de torsión en deg 	Ángulo de deslizamiento en rad 	Momento de torsión en Nm 	Tensión de cizallamiento en N/mm^2 
1,00	1,00	0,01	0,04	4,64E-59
2,00	2,00	0,02	0,03	3,51E-59
3,00	3,00	0,03	0,04	4,69E-59
4,00	4,10	0,05	0,07	9,44E-59
5,00	5,10	0,06	0,12	1,60E-58
6,00	6,20	0,07	0,30	3,83E-58
7,00	7,20	0,08	0,32	4,15E-58
8,00	8,20	0,09	0,45	5,86E-58
9,00	9,20	0,10	0,56	7,29E-58
10,00	10,20	0,11	0,79	1,03E-57
11,00	11,30	0,12	1,21	1,57E-57
12,00	12,30	0,14	1,20	1,55E-57
13,00	13,30	0,15	1,34	1,74E-57
14,00	14,30	0,16	1,35	1,75E-57
15,00	15,30	0,17	1,63	2,12E-57
16,00	16,40	0,18	1,94	2,51E-57
17,00	17,40	0,19	2,04	2,64E-57
18,00	18,40	0,20	2,14	2,78E-57
19,00	19,40	0,21	2,28	2,95E-57
20,00	20,40	0,22	2,47	3,20E-57
21,00	21,40	0,24	2,75	3,57E-57
22,00	22,50	0,25	2,98	3,86E-57
23,00	23,50	0,26	2,99	3,88E-57
24,00	24,50	0,27	3,07	3,98E-57
25,00	25,50	0,28	3,32	4,31E-57
26,00	26,50	0,29	3,61	4,68E-57
27,00	27,50	0,30	3,98	5,16E-57
28,00	28,50	0,31	3,93	5,09E-57
29,00	29,50	0,32	4,06	5,26E-57
30,00	30,50	0,34	4,33	5,61E-57
31,00	31,50	0,35	4,47	5,79E-57
32,00	32,50	0,36	4,39	5,68E-57
33,00	33,50	0,37	4,62	5,98E-57
34,00	34,50	0,38	4,56	5,92E-57
35,00	35,50	0,39	4,66	6,04E-57
36,00	36,50	0,40	4,53	5,88E-57
37,00	37,50	0,41	4,44	5,75E-57
38,00	38,50	0,42	4,38	5,68E-57
39,00	39,50	0,43	4,25	5,51E-57
40,00	40,50	0,45	4,33	5,61E-57
41,00	41,50	0,46	4,11	5,33E-57
42,00	42,50	0,47	4,13	5,35E-57
43,00	43,50	0,48	3,96	5,13E-57
44,00	44,50	0,49	3,92	5,08E-57
45,00	45,50	0,50	3,89	5,04E-57
46,00	46,50	0,51	3,90	5,05E-57
47,00	47,50	0,52	4,12	5,33E-57
48,00	48,50	0,53	4,34	5,62E-57
49,00	49,50	0,54	4,29	5,56E-57
50,00	50,50	0,56	4,38	5,68E-57
51,00	51,50	0,57	4,37	5,66E-57
52,00	52,50	0,58	4,49	5,81E-57
53,00	53,50	0,59	4,53	5,86E-57
54,00	54,50	0,60	4,50	5,83E-57
55,00	55,50	0,61	4,62	5,98E-57
56,00	56,60	0,62	4,33	5,61E-57
57,00	57,70	0,64	4,30	5,57E-57
58,00	58,70	0,65	4,44	5,76E-57
59,00	59,70	0,66	4,58	5,93E-57
60,00	60,70	0,67	4,59	5,95E-57
61,00	61,70	0,68	4,53	5,87E-57
62,00	62,70	0,69	4,22	5,46E-57
63,00	63,70	0,70	4,22	5,47E-57
64,00	64,80	0,71	4,20	5,44E-57
65,00	65,80	0,72	4,28	5,55E-57
66,00	66,80	0,74	4,30	5,57E-57
67,00	67,80	0,75	4,20	5,44E-57
68,00	68,80	0,76	4,03	5,22E-57
69,00	69,80	0,77	4,17	5,41E-57
70,00	70,80	0,78	4,44	5,76E-57
71,00	71,80	0,79	4,55	5,89E-57
72,00	72,80	0,80	4,77	6,18E-57
73,00	73,80	0,81	4,65	6,02E-57
74,00	74,80	0,82	4,62	5,99E-57
75,00	75,80	0,83	4,66	6,04E-57
76,00	76,80	0,85	4,63	6,00E-57
77,00	77,90	0,86	4,55	5,90E-57
78,00	78,90	0,87	4,52	5,86E-57
79,00	79,90	0,88	4,64	6,01E-57
80,00	80,90	0,89	4,67	6,05E-57
81,00	81,90	0,90	4,72	6,12E-57
82,00	82,90	0,91	4,66	6,03E-57
83,00	83,90	0,92	4,77	6,18E-57
84,00	84,90	0,93	4,48	5,81E-57
85,00	85,90	0,95	4,45	5,76E-57
86,00	86,90	0,96	4,43	5,74E-57
87,00	87,90	0,97	4,59	5,94E-57
88,00	88,90	0,98	4,45	5,77E-57
89,00	89,90	0,99	4,49	5,82E-57
90,00	90,90	1,00	4,70	6,09E-57
91,00	91,90	1,01	4,50	5,83E-57
92,00	92,90	1,02	4,54	5,88E-57
93,00	94,00	1,03	4,59	5,95E-57
94,00	95,00	1,05	4,36	5,66E-57
95,00	96,00	1,06	4,53	5,87E-57
96,00	97,10	1,07	4,40	5,70E-57
97,00	98,10	1,08	4,60	5,96E-57
98,00	99,20	1,09	4,56	5,91E-57
99,00	100,20	1,10	4,72	6,11E-57
100,00	101,20	1,11	4,79	6,20E-57
101,00	102,30	1,13	4,94	6,40E-57
102,00	103,30	1,14	4,95	6,41E-57
103,00	104,30	1,15	4,78	6,19E-57
104,00	105,40	1,16	4,81	6,23E-57
105,00	106,40	1,17	4,80	6,22E-57
106,00	107,40	1,18	4,70	6,09E-57
107,00	108,50	1,19	4,74	6,14E-57
108,00	109,50	1,21	4,80	6,22E-57
109,00	110,60	1,22	4,74	6,14E-57
110,00	111,60	1,23	4,63	6,00E-57
111,00	112,60	1,24	4,82	6,25E-57
112,00	113,70	1,25	4,50	5,83E-57
113,00	114,70	1,26	4,57	5,92E-57
114,00	115,70	1,27	4,50	5,84E-57
115,00	116,80	1,29	4,54	5,88E-57
116,00	117,80	1,30	4,57	5,92E-57
117,00	118,80	1,31	4,63	6,00E-57
118,00	119,90	1,32	4,69	6,08E-57
119,00	120,90	1,33	4,58	5,94E-57
120,00	121,90	1,34	4,68	6,07E-57
121,00	123,00	1,35	4,74	6,15E-57
122,00	124,00	1,36	4,67	6,06E-57
123,00	125,10	1,38	4,60	5,96E-57
124,00	126,10	1,39	4,75	6,15E-57
125,00	127,10	1,40	4,90	6,36E-57
126,00	128,20	1,41	4,85	6,28E-57
127,00	129,20	1,42	4,67	6,06E-57
128,00	130,20	1,43	4,57	5,92E-57
129,00	131,30	1,45	4,51	5,85E-57
130,00	132,30	1,46	4,64	6,02E-57
131,00	133,30	1,47	4,64	6,01E-57
132,00	134,30	1,48	4,73	6,13E-57
133,00	135,30	1,49	4,64	6,01E-57
134,00	136,30	1,50	4,53	5,87E-57
135,00	137,30	1,51	4,56	5,91E-57
136,00	138,30	1,52	4,59	5,95E-57
137,00	139,30	1,53	4,69	6,08E-57
138,00	140,30	1,54	4,74	6,15E-57
139,00	141,30	1,56	4,71	6,11E-57
140,00	142,30	1,57	4,73	6,13E-57
141,00	143,30	1,58	4,67	6,05E-57
142,00	144,30	1,59	4,57	5,92E-57
143,00	145,30	1,60	4,57	5,92E-57
144,00	146,30	1,61	4,60	5,96E-57
145,00	147,30	1,62	4,87	6,31E-57
146,00	148,30	1,63	4,77	6,18E-57
147,00	149,30	1,64	4,73	6,13E-57
148,00	150,30	1,65	4,74	6,14E-57
149,00	151,30	1,67	4,73	6,13E-57
150,00	152,30	1,68	4,69	6,08E-57
151,00	153,30	1,69	4,74	6,15E-57
152,00	154,30	1,70	4,68	6,07E-57
153,00	155,30	1,71	4,79	6,21E-57
154,00	156,30	1,72	4,85	6,29E-57
155,00	157,30	1,73	4,85	6,29E-57
156,00	158,30	1,74	4,90	6,35E-57
157,00	159,30	1,75	4,96	6,43E-57
158,00	160,30	1,76	4,89	6,34E-57
159,00	161,30	1,78	4,66	6,04E-57
160,00	162,40	1,79	4,68	6,06E-57
161,00	163,40	1,80	4,59	5,95E-57
162,00	164,40	1,81	4,63	6,00E-57
163,00	165,50	1,82	4,79	6,21E-57
164,00	166,50	1,83	4,95	6,42E-57
165,00	167,50	1,84	5,02	6,51E-57
166,00	168,50	1,85	5,10	6,61E-57
167,00	169,50	1,87	4,92	6,37E-57
168,00	170,50	1,88	4,86	6,30E-57
169,00	171,50	1,89	4,93	6,39E-57
170,00	172,50	1,90	5,00	6,48E-57
171,00	173,50	1,91	5,14	6,66E-57
172,00	174,50	1,92	5,12	6,64E-57
173,00	175,50	1,93	5,01	6,49E-57
174,00	176,50	1,94	4,88	6,33E-57
175,00	177,50	1,95	4,72	6,12E-57
176,00	178,50	1,96	4,74	6,14E-57
177,00	179,50	1,98	4,45	5,77E-57
178,00	180,50	1,99	4,46	5,78E-57
179,00	181,50	2,00	4,45	5,77E-57
180,00	182,60	2,01	4,26	5,52E-57
181,00	183,70	2,02	4,63	6,00E-57
182,00	184,70	2,03	4,89	6,34E-57
183,00	185,70	2,04	4,70	6,09E-57
184,00	186,70	2,05	4,69	6,07E-57
185,00	187,80	2,07	4,65	6,02E-57
186,00	188,80	2,08	4,66	6,04E-57
187,00	189,80	2,09	4,47	5,79E-57
188,00	190,90	2,10	4,47	5,79E-57
189,00	192,00	2,11	4,63	6,00E-57
190,00	193,10	2,13	4,45	5,76E-57
191,00	194,10	2,14	4,54	5,89E-57
192,00	195,10	2,15	4,77	6,18E-57
193,00	196,20	2,16	4,88	6,32E-57
194,00	197,30	2,17	4,93	6,39E-57
195,00	198,30	2,18	4,85	6,28E-57
196,00	199,30	2,19	4,83	6,26E-57
197,00	200,30	2,20	4,83	6,27E-57
198,00	201,30	2,22	4,78	6,20E-57
199,00	202,40	2,23	4,58	5,93E-57
200,00	203,50	2,24	4,51	5,84E-57
201,00	204,50	2,25	4,48	5,80E-57
202,00	205,50	2,26	4,21	5,46E-57
203,00	206,50	2,27	4,50	5,83E-57
204,00	207,60	2,28	4,62	5,99E-57
205,00	208,60	2,30	4,63	6,01E-57
206,00	209,60	2,31	4,67	6,05E-57
207,00	210,70	2,32	4,49	5,82E-57
208,00	211,80	2,33	4,52	5,86E-57
209,00	212,80	2,34	4,47	5,79E-57
210,00	213,80	2,35	4,64	6,01E-57
211,00	214,80	2,36	4,44	5,75E-57
212,00	215,80	2,38	4,30	5,57E-57
213,00	216,90	2,39	3,81	4,94E-57
214,00	218,00	2,40	2,61	3,39E-57
215,00	219,00	2,41	1,64	2,12E-57
216,00	220,00	2,42	1,32	1,71E-57
217,00	221,10	2,43	1,18	1,53E-57
218,00	222,20	2,45	0,96	1,25E-57
219,00	223,30	2,46	0,76	9,86E-58
220,00	224,30	2,47	0,61	7,85E-58
221,00	225,30	2,48	0,37	4,76E-58
222,00	226,40	2,49	0,43	5,52E-58
223,00	227,50	2,50	0,38	4,92E-58
224,00	228,50	2,51	0,03	3,46E-59
225,00	229,50	2,53	0,04	5,10E-59
226,00	230,50	2,54	0,20	2,53E-58
