G.U.N.T. Gerätebau GmbH
Hanskampring 15-17 , D- 22885 BarsbüttelPhone: +49 40 / 67 08 54 - 0 , Fax: +49 40 / 67 08 54 - 42

Fecha : 19/4/2023	Tiempo: 14:33:24

WP 510	Máquina para ensayo de torsión, 200Nm

Nombre


Comentario


Cálculos
M_tb	13.697062 Nm
tau_tb	0.060836N/mm^2


Valores medidos
#	Ángulo de torsión en deg 	Ángulo de deslizamiento en rad 	Momento de torsión en Nm 	Tensión de cizallamiento en N/mm^2 
1,00	1,00	0,00	0,19	0,00
2,00	2,00	0,00	0,14	0,00
3,00	3,00	0,00	0,28	0,00
4,00	4,10	0,00	0,58	0,00
5,00	5,10	0,01	0,77	0,00
6,00	6,20	0,01	1,00	0,00
7,00	7,20	0,01	1,25	0,01
8,00	8,20	0,01	1,35	0,01
9,00	9,20	0,01	1,65	0,01
10,00	10,20	0,01	1,85	0,01
11,00	11,30	0,01	2,17	0,01
12,00	12,30	0,01	2,33	0,01
13,00	13,30	0,01	2,63	0,01
14,00	14,30	0,01	3,07	0,01
15,00	15,30	0,02	3,08	0,01
16,00	16,40	0,02	3,44	0,02
17,00	17,40	0,02	3,74	0,02
18,00	18,40	0,02	4,19	0,02
19,00	19,40	0,02	4,50	0,02
20,00	20,40	0,02	4,88	0,02
21,00	21,40	0,02	5,28	0,02
22,00	22,50	0,02	5,66	0,03
23,00	23,50	0,02	5,97	0,03
24,00	24,50	0,03	6,24	0,03
25,00	25,50	0,03	6,65	0,03
26,00	26,50	0,03	7,08	0,03
27,00	27,50	0,03	7,32	0,03
28,00	28,50	0,03	7,46	0,03
29,00	29,50	0,03	7,55	0,03
30,00	30,50	0,03	7,89	0,04
31,00	31,50	0,03	8,29	0,04
32,00	32,50	0,03	8,70	0,04
33,00	33,50	0,03	8,98	0,04
34,00	34,50	0,04	9,07	0,04
35,00	35,50	0,04	9,41	0,04
36,00	36,50	0,04	9,69	0,04
37,00	37,50	0,04	10,09	0,04
38,00	38,50	0,04	10,07	0,04
39,00	39,50	0,04	10,38	0,05
40,00	40,50	0,04	10,70	0,05
41,00	41,50	0,04	10,82	0,05
42,00	42,50	0,04	11,37	0,05
43,00	43,50	0,05	11,69	0,05
44,00	44,50	0,05	11,75	0,05
45,00	45,50	0,05	11,94	0,05
46,00	46,50	0,05	12,17	0,05
47,00	47,50	0,05	12,28	0,05
48,00	48,50	0,05	12,35	0,05
49,00	49,50	0,05	12,24	0,05
50,00	50,50	0,05	12,45	0,06
51,00	51,50	0,05	12,55	0,06
52,00	52,50	0,05	12,38	0,05
53,00	53,50	0,06	12,53	0,06
54,00	54,50	0,06	12,55	0,06
55,00	55,50	0,06	12,76	0,06
56,00	56,60	0,06	12,93	0,06
57,00	57,70	0,06	13,11	0,06
58,00	58,70	0,06	12,97	0,06
59,00	59,70	0,06	13,13	0,06
60,00	60,70	0,06	13,35	0,06
61,00	61,70	0,06	13,45	0,06
62,00	62,70	0,06	13,28	0,06
63,00	63,70	0,07	13,38	0,06
64,00	64,80	0,07	13,53	0,06
65,00	65,80	0,07	13,47	0,06
66,00	66,80	0,07	13,43	0,06
67,00	67,80	0,07	13,18	0,06
68,00	68,80	0,07	13,28	0,06
69,00	69,80	0,07	13,26	0,06
70,00	70,80	0,07	13,50	0,06
71,00	71,80	0,07	13,70	0,06
72,00	72,80	0,08	13,59	0,06
73,00	73,80	0,08	13,39	0,06
74,00	74,80	0,08	13,27	0,06
75,00	75,80	0,08	13,31	0,06
76,00	76,80	0,08	13,44	0,06
77,00	77,90	0,08	13,27	0,06
78,00	78,90	0,08	13,49	0,06
79,00	79,90	0,08	13,44	0,06
80,00	80,90	0,08	13,49	0,06
81,00	81,90	0,08	13,39	0,06
82,00	82,90	0,09	13,26	0,06
83,00	83,90	0,09	13,17	0,06
84,00	84,90	0,09	13,39	0,06
85,00	85,90	0,09	13,32	0,06
86,00	86,90	0,09	13,49	0,06
87,00	87,90	0,09	13,44	0,06
88,00	88,90	0,09	13,35	0,06
89,00	89,90	0,09	13,21	0,06
90,00	90,90	0,09	13,14	0,06
91,00	91,90	0,10	13,04	0,06
92,00	92,90	0,10	13,15	0,06
93,00	94,00	0,10	13,08	0,06
94,00	95,00	0,10	13,08	0,06
95,00	96,00	0,10	12,97	0,06
96,00	97,10	0,10	12,92	0,06
97,00	98,10	0,10	12,98	0,06
98,00	99,20	0,10	13,18	0,06
99,00	100,20	0,10	13,10	0,06
100,00	101,20	0,10	13,17	0,06
101,00	102,30	0,11	13,23	0,06
102,00	103,30	0,11	13,16	0,06
103,00	104,30	0,11	12,96	0,06
104,00	105,40	0,11	12,74	0,06
105,00	106,40	0,11	13,00	0,06
106,00	107,40	0,11	13,11	0,06
107,00	108,50	0,11	13,15	0,06
108,00	109,50	0,11	13,09	0,06
109,00	110,60	0,11	13,09	0,06
110,00	111,60	0,12	13,08	0,06
111,00	112,60	0,12	12,95	0,06
112,00	113,70	0,12	13,10	0,06
113,00	114,70	0,12	13,25	0,06
114,00	115,70	0,12	13,29	0,06
115,00	116,80	0,12	13,21	0,06
116,00	117,80	0,12	13,05	0,06
117,00	118,80	0,12	12,96	0,06
118,00	119,90	0,12	13,09	0,06
119,00	120,90	0,13	13,04	0,06
120,00	121,90	0,13	13,01	0,06
121,00	123,00	0,13	12,98	0,06
122,00	124,00	0,13	13,01	0,06
123,00	125,10	0,13	12,97	0,06
124,00	126,10	0,13	13,24	0,06
125,00	127,10	0,13	13,09	0,06
126,00	128,20	0,13	13,25	0,06
127,00	129,20	0,13	13,02	0,06
128,00	130,20	0,13	13,17	0,06
129,00	131,30	0,14	12,92	0,06
130,00	132,30	0,14	13,05	0,06
131,00	133,30	0,14	13,28	0,06
132,00	134,30	0,14	13,13	0,06
133,00	135,30	0,14	13,35	0,06
134,00	136,30	0,14	13,29	0,06
135,00	137,30	0,14	13,19	0,06
136,00	138,30	0,14	13,06	0,06
137,00	139,30	0,14	12,93	0,06
138,00	140,30	0,15	12,97	0,06
139,00	141,30	0,15	12,95	0,06
140,00	142,30	0,15	12,82	0,06
141,00	143,30	0,15	12,82	0,06
142,00	144,30	0,15	12,97	0,06
143,00	145,30	0,15	13,17	0,06
144,00	146,30	0,15	13,00	0,06
145,00	147,30	0,15	12,90	0,06
146,00	148,30	0,15	12,98	0,06
147,00	149,30	0,15	13,12	0,06
148,00	150,30	0,16	13,09	0,06
149,00	151,30	0,16	12,99	0,06
150,00	152,30	0,16	13,09	0,06
151,00	153,30	0,16	13,00	0,06
152,00	154,30	0,16	12,75	0,06
153,00	155,30	0,16	12,93	0,06
154,00	156,30	0,16	13,07	0,06
155,00	157,30	0,16	12,88	0,06
156,00	158,30	0,16	12,82	0,06
157,00	159,30	0,16	12,78	0,06
158,00	160,30	0,17	12,75	0,06
159,00	161,30	0,17	12,89	0,06
160,00	162,40	0,17	13,07	0,06
161,00	163,40	0,17	13,11	0,06
162,00	164,40	0,17	13,04	0,06
163,00	165,50	0,17	12,68	0,06
164,00	166,50	0,17	12,91	0,06
165,00	167,50	0,17	12,88	0,06
166,00	168,50	0,17	13,02	0,06
167,00	169,50	0,18	13,06	0,06
168,00	170,50	0,18	13,07	0,06
169,00	171,50	0,18	13,03	0,06
170,00	172,50	0,18	13,21	0,06
171,00	173,50	0,18	13,22	0,06
172,00	174,50	0,18	13,16	0,06
173,00	175,50	0,18	13,10	0,06
174,00	176,50	0,18	12,96	0,06
175,00	177,50	0,18	13,01	0,06
176,00	178,50	0,18	12,99	0,06
177,00	179,50	0,19	12,97	0,06
178,00	180,50	0,19	13,12	0,06
179,00	181,50	0,19	13,16	0,06
180,00	182,60	0,19	13,06	0,06
181,00	183,70	0,19	13,03	0,06
182,00	184,70	0,19	13,02	0,06
183,00	185,70	0,19	12,97	0,06
184,00	186,70	0,19	12,94	0,06
185,00	187,80	0,19	12,90	0,06
186,00	188,80	0,20	12,91	0,06
187,00	189,80	0,20	12,96	0,06
188,00	190,90	0,20	13,24	0,06
189,00	192,00	0,20	13,03	0,06
190,00	193,10	0,20	13,17	0,06
191,00	194,10	0,20	13,38	0,06
192,00	195,10	0,20	13,46	0,06
193,00	196,20	0,20	13,15	0,06
194,00	197,30	0,20	13,10	0,06
195,00	198,30	0,21	12,88	0,06
196,00	199,30	0,21	12,67	0,06
197,00	200,30	0,21	12,77	0,06
198,00	201,30	0,21	12,73	0,06
199,00	202,40	0,21	12,83	0,06
200,00	203,50	0,21	12,80	0,06
201,00	204,50	0,21	12,88	0,06
202,00	205,50	0,21	12,61	0,06
203,00	206,50	0,21	12,74	0,06
204,00	207,60	0,21	12,81	0,06
205,00	208,60	0,22	12,73	0,06
206,00	209,60	0,22	12,65	0,06
207,00	210,70	0,22	12,73	0,06
208,00	211,80	0,22	12,76	0,06
209,00	212,80	0,22	12,82	0,06
210,00	213,80	0,22	12,99	0,06
211,00	214,80	0,22	13,14	0,06
212,00	215,80	0,22	12,99	0,06
213,00	216,90	0,22	13,01	0,06
214,00	218,00	0,23	12,77	0,06
215,00	219,00	0,23	12,91	0,06
216,00	220,00	0,23	12,79	0,06
217,00	221,10	0,23	12,84	0,06
218,00	222,20	0,23	12,88	0,06
219,00	223,30	0,23	12,95	0,06
220,00	224,30	0,23	12,77	0,06
221,00	225,30	0,23	12,76	0,06
222,00	226,40	0,23	12,84	0,06
223,00	227,50	0,24	12,87	0,06
224,00	228,50	0,24	12,88	0,06
225,00	229,50	0,24	12,81	0,06
226,00	230,50	0,24	12,89	0,06
227,00	231,60	0,24	12,97	0,06
228,00	232,60	0,24	12,71	0,06
229,00	233,60	0,24	12,78	0,06
230,00	234,70	0,24	12,74	0,06
231,00	235,80	0,24	12,64	0,06
232,00	236,80	0,25	12,57	0,06
233,00	237,90	0,25	12,37	0,05
234,00	239,00	0,25	12,43	0,06
235,00	240,00	0,25	12,48	0,06
236,00	241,00	0,25	12,48	0,06
237,00	242,10	0,25	12,59	0,06
238,00	243,20	0,25	12,49	0,06
239,00	244,20	0,25	12,69	0,06
240,00	245,20	0,25	12,81	0,06
241,00	246,20	0,25	12,64	0,06
242,00	247,30	0,26	12,61	0,06
243,00	248,30	0,26	12,71	0,06
244,00	249,30	0,26	12,50	0,06
245,00	250,40	0,26	12,61	0,06
246,00	251,50	0,26	12,73	0,06
247,00	252,60	0,26	12,59	0,06
248,00	253,60	0,26	12,46	0,06
249,00	254,60	0,26	12,54	0,06
250,00	255,70	0,26	12,66	0,06
251,00	256,70	0,27	12,46	0,06
252,00	257,80	0,27	12,33	0,05
253,00	258,90	0,27	12,47	0,06
254,00	260,00	0,27	12,51	0,06
255,00	261,00	0,27	12,38	0,05
256,00	262,00	0,27	12,41	0,06
257,00	263,00	0,27	12,71	0,06
258,00	264,00	0,27	12,66	0,06
259,00	265,00	0,27	12,81	0,06
260,00	266,00	0,28	12,68	0,06
261,00	267,00	0,28	12,65	0,06
262,00	268,00	0,28	12,62	0,06
263,00	269,00	0,28	12,63	0,06
264,00	270,00	0,28	12,73	0,06
265,00	271,00	0,28	12,70	0,06
266,00	272,00	0,28	12,72	0,06
267,00	273,00	0,28	12,76	0,06
268,00	274,00	0,28	12,82	0,06
269,00	275,00	0,28	12,85	0,06
270,00	276,00	0,29	12,65	0,06
271,00	277,00	0,29	12,63	0,06
272,00	278,00	0,29	12,76	0,06
273,00	279,00	0,29	12,78	0,06
274,00	280,00	0,29	12,75	0,06
275,00	281,00	0,29	12,68	0,06
276,00	282,00	0,29	12,71	0,06
277,00	283,00	0,29	12,59	0,06
278,00	284,00	0,29	12,56	0,06
279,00	285,00	0,29	12,51	0,06
280,00	286,00	0,30	12,59	0,06
281,00	287,00	0,30	12,58	0,06
282,00	288,00	0,30	12,60	0,06
283,00	289,00	0,30	12,54	0,06
284,00	290,00	0,30	12,40	0,06
285,00	291,00	0,30	12,54	0,06
286,00	292,00	0,30	12,62	0,06
287,00	293,00	0,30	12,68	0,06
288,00	294,00	0,30	12,72	0,06
289,00	295,00	0,31	12,75	0,06
290,00	296,00	0,31	12,73	0,06
291,00	297,00	0,31	12,73	0,06
292,00	298,00	0,31	12,56	0,06
293,00	299,00	0,31	12,44	0,06
294,00	300,00	0,31	12,45	0,06
295,00	301,00	0,31	12,56	0,06
296,00	302,00	0,31	12,57	0,06
297,00	303,00	0,31	12,70	0,06
298,00	304,00	0,31	12,68	0,06
299,00	305,00	0,32	12,64	0,06
300,00	306,00	0,32	12,45	0,06
301,00	307,00	0,32	12,41	0,06
302,00	308,00	0,32	12,64	0,06
303,00	309,00	0,32	12,77	0,06
304,00	310,00	0,32	12,70	0,06
305,00	311,00	0,32	12,60	0,06
306,00	312,00	0,32	12,44	0,06
307,00	313,00	0,32	12,37	0,05
308,00	314,00	0,32	12,42	0,06
309,00	315,00	0,33	12,37	0,05
310,00	316,00	0,33	12,28	0,05
311,00	317,00	0,33	12,49	0,06
312,00	318,00	0,33	12,54	0,06
313,00	319,00	0,33	12,21	0,05
314,00	320,00	0,33	12,21	0,05
315,00	321,00	0,33	12,16	0,05
316,00	322,00	0,33	12,21	0,05
317,00	323,00	0,33	12,33	0,05
318,00	324,00	0,34	12,20	0,05
319,00	325,00	0,34	12,10	0,05
320,00	326,00	0,34	12,28	0,05
321,00	327,00	0,34	12,54	0,06
322,00	328,00	0,34	12,49	0,06
323,00	329,00	0,34	12,49	0,06
324,00	330,00	0,34	12,46	0,06
325,00	331,00	0,34	12,41	0,06
326,00	332,00	0,34	12,38	0,05
327,00	333,00	0,34	12,48	0,06
328,00	334,00	0,35	12,41	0,06
329,00	335,00	0,35	12,42	0,06
330,00	336,00	0,35	12,41	0,06
331,00	337,00	0,35	12,46	0,06
332,00	338,00	0,35	12,62	0,06
333,00	339,00	0,35	12,72	0,06
334,00	340,00	0,35	12,73	0,06
335,00	341,00	0,35	12,67	0,06
336,00	342,00	0,35	12,56	0,06
337,00	343,00	0,36	12,41	0,06
338,00	344,00	0,36	12,39	0,06
339,00	345,00	0,36	12,41	0,06
340,00	346,00	0,36	12,54	0,06
341,00	347,00	0,36	12,54	0,06
342,00	348,00	0,36	12,33	0,05
343,00	349,00	0,36	12,19	0,05
344,00	350,00	0,36	12,07	0,05
345,00	351,00	0,36	12,08	0,05
346,00	352,00	0,36	12,05	0,05
347,00	353,00	0,37	11,99	0,05
348,00	354,00	0,37	12,05	0,05
349,00	355,00	0,37	12,35	0,05
350,00	356,00	0,37	12,32	0,05
351,00	357,00	0,37	12,13	0,05
352,00	358,00	0,37	12,25	0,05
353,00	359,00	0,37	12,36	0,05
354,00	360,00	0,37	12,45	0,06
355,00	361,00	0,37	12,64	0,06
356,00	362,10	0,37	12,46	0,06
357,00	363,20	0,38	12,40	0,06
358,00	364,20	0,38	12,44	0,06
359,00	365,20	0,38	12,37	0,05
360,00	366,30	0,38	12,38	0,05
361,00	367,40	0,38	12,51	0,06
362,00	368,40	0,38	12,58	0,06
363,00	369,40	0,38	12,43	0,06
364,00	370,40	0,38	12,38	0,05
365,00	371,50	0,38	12,51	0,06
366,00	372,50	0,39	12,48	0,06
367,00	373,50	0,39	12,50	0,06
368,00	374,60	0,39	12,43	0,06
369,00	375,70	0,39	12,43	0,06
370,00	376,70	0,39	12,42	0,06
371,00	377,70	0,39	12,51	0,06
372,00	378,70	0,39	12,62	0,06
373,00	379,80	0,39	12,67	0,06
374,00	380,80	0,39	12,58	0,06
375,00	381,80	0,40	12,37	0,05
376,00	382,90	0,40	12,30	0,05
377,00	384,00	0,40	12,35	0,05
378,00	385,10	0,40	12,30	0,05
379,00	386,10	0,40	12,45	0,06
380,00	387,10	0,40	12,46	0,06
381,00	388,20	0,40	12,57	0,06
382,00	389,30	0,40	12,45	0,06
383,00	390,40	0,40	12,40	0,06
384,00	391,40	0,41	12,27	0,05
385,00	392,40	0,41	12,32	0,05
386,00	393,50	0,41	12,39	0,06
387,00	394,60	0,41	12,18	0,05
388,00	395,60	0,41	12,27	0,05
389,00	396,60	0,41	12,39	0,06
390,00	397,60	0,41	12,39	0,06
391,00	398,70	0,41	12,39	0,06
392,00	399,70	0,41	12,20	0,05
393,00	400,70	0,41	12,32	0,05
394,00	401,80	0,42	12,21	0,05
395,00	402,90	0,42	12,20	0,05
396,00	403,90	0,42	12,24	0,05
397,00	404,90	0,42	12,16	0,05
398,00	405,90	0,42	12,21	0,05
399,00	407,00	0,42	12,24	0,05
400,00	408,00	0,42	12,23	0,05
401,00	409,00	0,42	12,34	0,05
402,00	410,10	0,42	12,30	0,05
403,00	411,20	0,43	12,37	0,05
404,00	412,20	0,43	12,38	0,05
405,00	413,20	0,43	12,33	0,05
406,00	414,20	0,43	12,40	0,06
407,00	415,30	0,43	12,29	0,05
408,00	416,30	0,43	12,25	0,05
409,00	417,30	0,43	12,13	0,05
410,00	418,40	0,43	12,32	0,05
411,00	419,50	0,43	12,38	0,05
412,00	420,50	0,44	12,25	0,05
413,00	421,50	0,44	12,38	0,05
414,00	422,50	0,44	12,31	0,05
415,00	423,60	0,44	12,51	0,06
416,00	424,60	0,44	12,42	0,06
417,00	425,60	0,44	12,29	0,05
418,00	426,70	0,44	12,47	0,06
419,00	427,80	0,44	12,35	0,05
420,00	428,80	0,44	12,44	0,06
421,00	429,80	0,44	12,36	0,05
422,00	430,80	0,45	12,25	0,05
423,00	431,90	0,45	12,30	0,05
424,00	432,90	0,45	12,28	0,05
425,00	433,90	0,45	12,53	0,06
426,00	435,00	0,45	12,25	0,05
427,00	436,00	0,45	12,39	0,06
428,00	437,00	0,45	12,47	0,06
429,00	438,00	0,45	12,45	0,06
430,00	439,10	0,45	12,41	0,06
431,00	440,20	0,46	12,28	0,05
432,00	441,30	0,46	12,15	0,05
433,00	442,30	0,46	12,24	0,05
434,00	443,30	0,46	12,26	0,05
435,00	444,40	0,46	12,05	0,05
436,00	445,40	0,46	12,18	0,05
437,00	446,40	0,46	11,89	0,05
438,00	447,40	0,46	11,82	0,05
439,00	448,50	0,46	12,01	0,05
440,00	449,60	0,47	11,98	0,05
441,00	450,60	0,47	12,06	0,05
442,00	451,60	0,47	12,08	0,05
443,00	452,70	0,47	12,01	0,05
444,00	453,70	0,47	12,14	0,05
445,00	454,70	0,47	12,02	0,05
446,00	455,70	0,47	11,72	0,05
447,00	456,80	0,47	11,75	0,05
448,00	457,90	0,47	11,89	0,05
449,00	458,90	0,47	12,03	0,05
450,00	459,90	0,48	12,05	0,05
451,00	461,00	0,48	12,30	0,05
452,00	462,00	0,48	12,44	0,06
453,00	463,00	0,48	12,34	0,05
454,00	464,00	0,48	12,42	0,06
455,00	465,00	0,48	12,31	0,05
456,00	466,00	0,48	12,44	0,06
457,00	467,00	0,48	12,43	0,06
458,00	468,10	0,48	12,55	0,06
459,00	469,10	0,49	12,38	0,05
460,00	470,10	0,49	12,51	0,06
461,00	471,10	0,49	12,48	0,06
462,00	472,20	0,49	12,57	0,06
463,00	473,30	0,49	12,46	0,06
464,00	474,30	0,49	12,35	0,05
465,00	475,30	0,49	12,19	0,05
466,00	476,40	0,49	12,37	0,05
467,00	477,40	0,49	12,19	0,05
468,00	478,40	0,50	12,09	0,05
469,00	479,40	0,50	12,07	0,05
470,00	480,50	0,50	11,97	0,05
471,00	481,60	0,50	12,22	0,05
472,00	482,60	0,50	12,24	0,05
473,00	483,60	0,50	12,21	0,05
474,00	484,70	0,50	12,26	0,05
475,00	485,70	0,50	12,23	0,05
476,00	486,70	0,50	12,37	0,05
477,00	487,70	0,50	12,27	0,05
478,00	488,80	0,51	12,41	0,06
479,00	489,90	0,51	12,28	0,05
480,00	491,00	0,51	12,28	0,05
481,00	492,00	0,51	12,45	0,06
482,00	493,10	0,51	12,32	0,05
483,00	494,20	0,51	12,33	0,05
484,00	495,30	0,51	12,22	0,05
485,00	496,30	0,51	12,36	0,05
486,00	497,30	0,51	12,41	0,06
487,00	498,30	0,52	12,50	0,06
488,00	499,40	0,52	12,35	0,05
489,00	500,50	0,52	12,25	0,05
490,00	501,50	0,52	12,25	0,05
491,00	502,50	0,52	12,31	0,05
492,00	503,50	0,52	12,30	0,05
493,00	504,50	0,52	12,15	0,05
494,00	505,50	0,52	11,93	0,05
495,00	506,50	0,52	11,94	0,05
496,00	507,60	0,53	11,86	0,05
497,00	508,60	0,53	12,05	0,05
498,00	509,60	0,53	12,15	0,05
499,00	510,70	0,53	12,31	0,05
500,00	511,70	0,53	12,25	0,05
501,00	512,70	0,53	12,30	0,05
502,00	513,70	0,53	12,23	0,05
503,00	514,70	0,53	12,24	0,05
504,00	515,70	0,53	11,93	0,05
505,00	516,70	0,53	12,01	0,05
506,00	517,70	0,54	11,98	0,05
507,00	518,70	0,54	12,05	0,05
508,00	519,70	0,54	12,02	0,05
509,00	520,70	0,54	11,93	0,05
510,00	521,70	0,54	12,01	0,05
511,00	522,70	0,54	12,10	0,05
512,00	523,80	0,54	12,11	0,05
513,00	524,80	0,54	12,24	0,05
514,00	525,80	0,54	12,34	0,05
515,00	526,80	0,55	12,43	0,06
516,00	527,80	0,55	12,32	0,05
517,00	528,90	0,55	12,48	0,06
518,00	529,90	0,55	12,47	0,06
519,00	530,90	0,55	12,58	0,06
520,00	532,00	0,55	12,55	0,06
521,00	533,00	0,55	12,46	0,06
522,00	534,00	0,55	12,32	0,05
523,00	535,00	0,55	12,32	0,05
524,00	536,00	0,55	12,29	0,05
525,00	537,00	0,56	12,06	0,05
526,00	538,00	0,56	12,15	0,05
527,00	539,00	0,56	12,19	0,05
528,00	540,00	0,56	12,10	0,05
529,00	541,00	0,56	12,23	0,05
530,00	542,00	0,56	12,08	0,05
531,00	543,00	0,56	12,23	0,05
532,00	544,00	0,56	12,30	0,05
533,00	545,00	0,56	12,25	0,05
534,00	546,00	0,57	11,91	0,05
535,00	547,00	0,57	11,91	0,05
536,00	548,00	0,57	11,88	0,05
537,00	549,00	0,57	12,11	0,05
538,00	550,00	0,57	12,16	0,05
539,00	551,00	0,57	12,44	0,06
540,00	552,00	0,57	12,54	0,06
541,00	553,00	0,57	12,43	0,06
542,00	554,00	0,57	12,50	0,06
543,00	555,00	0,57	12,48	0,06
544,00	556,00	0,58	12,37	0,05
545,00	557,00	0,58	12,18	0,05
546,00	558,00	0,58	12,07	0,05
547,00	559,00	0,58	12,22	0,05
548,00	560,00	0,58	11,95	0,05
549,00	561,00	0,58	12,11	0,05
550,00	562,00	0,58	12,14	0,05
551,00	563,00	0,58	12,22	0,05
552,00	564,00	0,58	12,23	0,05
553,00	565,00	0,58	12,05	0,05
554,00	566,00	0,59	12,22	0,05
555,00	567,00	0,59	12,22	0,05
556,00	568,00	0,59	12,22	0,05
557,00	569,00	0,59	12,32	0,05
558,00	570,00	0,59	12,20	0,05
559,00	571,00	0,59	12,25	0,05
560,00	572,00	0,59	12,05	0,05
561,00	573,00	0,59	12,02	0,05
562,00	574,00	0,59	11,88	0,05
563,00	575,00	0,60	12,15	0,05
564,00	576,00	0,60	12,45	0,06
565,00	577,00	0,60	12,42	0,06
566,00	578,00	0,60	12,32	0,05
567,00	579,00	0,60	12,40	0,06
568,00	580,00	0,60	12,24	0,05
569,00	581,00	0,60	12,25	0,05
570,00	582,00	0,60	12,32	0,05
571,00	583,00	0,60	12,39	0,06
572,00	584,00	0,60	12,27	0,05
573,00	585,00	0,61	12,29	0,05
574,00	586,00	0,61	12,43	0,06
575,00	587,00	0,61	12,36	0,05
576,00	588,00	0,61	12,33	0,05
577,00	589,00	0,61	12,45	0,06
578,00	590,00	0,61	12,24	0,05
579,00	591,00	0,61	12,29	0,05
580,00	592,00	0,61	12,33	0,05
581,00	593,00	0,61	12,36	0,05
582,00	594,00	0,61	12,33	0,05
583,00	595,00	0,62	12,27	0,05
584,00	596,00	0,62	12,32	0,05
585,00	597,00	0,62	12,31	0,05
586,00	598,00	0,62	12,36	0,05
587,00	599,00	0,62	12,45	0,06
588,00	600,00	0,62	12,21	0,05
589,00	601,00	0,62	12,12	0,05
590,00	602,00	0,62	12,20	0,05
591,00	603,00	0,62	12,05	0,05
592,00	604,00	0,63	12,09	0,05
593,00	605,00	0,63	12,15	0,05
594,00	606,00	0,63	12,18	0,05
595,00	607,00	0,63	12,15	0,05
596,00	608,00	0,63	12,09	0,05
597,00	609,00	0,63	12,05	0,05
598,00	610,00	0,63	12,13	0,05
599,00	611,00	0,63	12,28	0,05
600,00	612,00	0,63	12,30	0,05
601,00	613,00	0,63	12,39	0,06
602,00	614,00	0,64	12,34	0,05
603,00	615,00	0,64	12,50	0,06
604,00	616,00	0,64	12,42	0,06
605,00	617,00	0,64	12,31	0,05
606,00	618,00	0,64	12,21	0,05
607,00	619,00	0,64	12,17	0,05
608,00	620,00	0,64	12,09	0,05
609,00	621,00	0,64	11,79	0,05
610,00	622,00	0,64	12,00	0,05
611,00	623,00	0,64	12,15	0,05
612,00	624,00	0,65	11,94	0,05
613,00	625,00	0,65	12,18	0,05
614,00	626,00	0,65	12,21	0,05
615,00	627,00	0,65	12,18	0,05
616,00	628,00	0,65	12,23	0,05
617,00	629,00	0,65	12,20	0,05
618,00	630,00	0,65	11,91	0,05
619,00	631,00	0,65	11,88	0,05
620,00	632,00	0,65	11,97	0,05
621,00	633,00	0,66	12,03	0,05
622,00	634,00	0,66	12,17	0,05
623,00	635,00	0,66	12,02	0,05
624,00	636,00	0,66	12,01	0,05
625,00	637,00	0,66	11,91	0,05
626,00	638,00	0,66	11,99	0,05
627,00	639,00	0,66	12,01	0,05
628,00	640,00	0,66	11,94	0,05
629,00	641,00	0,66	12,06	0,05
630,00	642,00	0,66	12,07	0,05
631,00	643,00	0,67	11,83	0,05
632,00	644,00	0,67	12,01	0,05
633,00	645,00	0,67	12,12	0,05
634,00	646,00	0,67	12,12	0,05
635,00	647,00	0,67	12,25	0,05
636,00	648,00	0,67	12,14	0,05
637,00	649,00	0,67	12,12	0,05
638,00	650,00	0,67	12,18	0,05
639,00	651,00	0,67	12,13	0,05
640,00	652,00	0,67	12,28	0,05
641,00	653,00	0,68	12,30	0,05
642,00	654,00	0,68	12,06	0,05
643,00	655,00	0,68	12,01	0,05
644,00	656,00	0,68	12,17	0,05
645,00	657,00	0,68	12,03	0,05
646,00	658,00	0,68	12,09	0,05
647,00	659,00	0,68	12,02	0,05
648,00	660,00	0,68	11,97	0,05
649,00	661,00	0,68	11,89	0,05
650,00	662,00	0,69	12,01	0,05
651,00	663,00	0,69	11,97	0,05
652,00	664,00	0,69	12,07	0,05
653,00	665,00	0,69	11,96	0,05
654,00	666,00	0,69	12,21	0,05
655,00	667,00	0,69	12,18	0,05
656,00	668,00	0,69	12,09	0,05
657,00	669,00	0,69	12,16	0,05
658,00	670,00	0,69	12,13	0,05
659,00	671,00	0,69	11,93	0,05
660,00	672,00	0,70	11,94	0,05
661,00	673,00	0,70	12,00	0,05
662,00	674,00	0,70	12,12	0,05
663,00	675,00	0,70	12,22	0,05
664,00	676,00	0,70	12,14	0,05
665,00	677,00	0,70	12,14	0,05
666,00	678,00	0,70	12,26	0,05
667,00	679,00	0,70	12,15	0,05
668,00	680,00	0,70	12,26	0,05
669,00	681,00	0,70	12,41	0,06
670,00	682,00	0,71	12,57	0,06
671,00	683,00	0,71	12,54	0,06
672,00	684,00	0,71	12,49	0,06
673,00	685,00	0,71	12,53	0,06
674,00	686,00	0,71	12,38	0,05
675,00	687,00	0,71	12,27	0,05
676,00	688,00	0,71	12,30	0,05
677,00	689,00	0,71	12,39	0,06
678,00	690,00	0,71	12,30	0,05
679,00	691,00	0,72	12,22	0,05
680,00	692,00	0,72	12,24	0,05
681,00	693,00	0,72	12,18	0,05
682,00	694,00	0,72	11,97	0,05
683,00	695,00	0,72	12,00	0,05
684,00	696,00	0,72	11,93	0,05
685,00	697,00	0,72	12,05	0,05
686,00	698,00	0,72	12,07	0,05
687,00	699,00	0,72	12,17	0,05
688,00	700,00	0,72	12,35	0,05
689,00	701,00	0,73	12,16	0,05
690,00	702,00	0,73	12,11	0,05
691,00	703,00	0,73	12,14	0,05
692,00	704,00	0,73	12,14	0,05
693,00	705,00	0,73	12,28	0,05
694,00	706,00	0,73	12,13	0,05
695,00	707,00	0,73	12,03	0,05
696,00	708,00	0,73	12,03	0,05
697,00	709,00	0,73	11,90	0,05
698,00	710,00	0,73	11,95	0,05
699,00	711,00	0,74	11,93	0,05
700,00	712,00	0,74	11,85	0,05
701,00	713,00	0,74	11,78	0,05
702,00	714,00	0,74	12,00	0,05
703,00	715,00	0,74	12,01	0,05
704,00	716,00	0,74	12,12	0,05
705,00	717,00	0,74	11,83	0,05
706,00	718,00	0,74	11,99	0,05
707,00	719,00	0,74	12,05	0,05
708,00	720,00	0,75	12,05	0,05
709,00	721,00	0,75	11,98	0,05
710,00	722,00	0,75	11,99	0,05
711,00	723,00	0,75	11,93	0,05
712,00	724,10	0,75	11,93	0,05
713,00	725,10	0,75	11,95	0,05
714,00	726,10	0,75	12,18	0,05
715,00	727,10	0,75	12,02	0,05
716,00	728,10	0,75	11,95	0,05
717,00	729,10	0,75	12,01	0,05
718,00	730,10	0,76	12,01	0,05
719,00	731,20	0,76	11,99	0,05
720,00	732,20	0,76	12,14	0,05
721,00	733,20	0,76	12,19	0,05
722,00	734,20	0,76	12,25	0,05
723,00	735,20	0,76	12,11	0,05
724,00	736,20	0,76	12,21	0,05
725,00	737,20	0,76	12,29	0,05
726,00	738,30	0,76	12,12	0,05
727,00	739,30	0,77	12,16	0,05
728,00	740,30	0,77	12,01	0,05
729,00	741,30	0,77	12,04	0,05
730,00	742,30	0,77	11,93	0,05
731,00	743,30	0,77	11,82	0,05
732,00	744,30	0,77	11,93	0,05
733,00	745,40	0,77	12,11	0,05
734,00	746,40	0,77	12,20	0,05
735,00	747,40	0,77	12,10	0,05
736,00	748,40	0,77	12,01	0,05
737,00	749,40	0,78	12,00	0,05
738,00	750,40	0,78	12,18	0,05
739,00	751,50	0,78	12,17	0,05
740,00	752,60	0,78	11,90	0,05
741,00	753,70	0,78	11,91	0,05
742,00	754,70	0,78	11,89	0,05
743,00	755,70	0,78	12,10	0,05
744,00	756,70	0,78	12,22	0,05
745,00	757,70	0,78	12,39	0,06
746,00	758,70	0,79	12,40	0,06
747,00	759,70	0,79	12,24	0,05
748,00	760,80	0,79	12,14	0,05
749,00	761,80	0,79	12,20	0,05
750,00	762,80	0,79	12,15	0,05
751,00	763,80	0,79	12,32	0,05
752,00	764,80	0,79	12,41	0,06
753,00	765,80	0,79	12,47	0,06
754,00	766,80	0,79	12,17	0,05
755,00	767,90	0,79	12,14	0,05
756,00	768,90	0,80	12,22	0,05
757,00	769,90	0,80	12,23	0,05
758,00	770,90	0,80	12,24	0,05
759,00	771,90	0,80	12,21	0,05
760,00	772,90	0,80	12,18	0,05
761,00	774,00	0,80	12,06	0,05
762,00	775,10	0,80	12,13	0,05
763,00	776,20	0,80	12,22	0,05
764,00	777,20	0,80	12,14	0,05
765,00	778,20	0,81	12,11	0,05
766,00	779,20	0,81	12,06	0,05
767,00	780,20	0,81	12,12	0,05
768,00	781,20	0,81	12,18	0,05
769,00	782,30	0,81	12,15	0,05
770,00	783,40	0,81	12,18	0,05
771,00	784,50	0,81	12,14	0,05
772,00	785,50	0,81	12,20	0,05
773,00	786,50	0,81	12,03	0,05
774,00	787,50	0,82	12,13	0,05
775,00	788,50	0,82	12,07	0,05
776,00	789,50	0,82	12,12	0,05
777,00	790,50	0,82	11,99	0,05
778,00	791,60	0,82	11,95	0,05
779,00	792,60	0,82	11,88	0,05
780,00	793,60	0,82	12,11	0,05
781,00	794,60	0,82	12,14	0,05
782,00	795,60	0,82	12,11	0,05
783,00	796,60	0,82	12,00	0,05
784,00	797,60	0,83	11,98	0,05
785,00	798,70	0,83	11,97	0,05
786,00	799,70	0,83	11,95	0,05
787,00	800,70	0,83	12,26	0,05
788,00	801,70	0,83	12,27	0,05
789,00	802,70	0,83	12,32	0,05
790,00	803,70	0,83	12,13	0,05
791,00	804,80	0,83	12,27	0,05
792,00	805,90	0,83	12,14	0,05
793,00	807,00	0,84	11,92	0,05
794,00	808,00	0,84	11,82	0,05
795,00	809,00	0,84	11,81	0,05
796,00	810,00	0,84	11,85	0,05
797,00	811,00	0,84	12,05	0,05
798,00	812,00	0,84	11,90	0,05
799,00	813,10	0,84	11,99	0,05
800,00	814,20	0,84	12,13	0,05
801,00	815,30	0,84	11,97	0,05
802,00	816,40	0,84	12,00	0,05
803,00	817,40	0,85	12,04	0,05
804,00	818,40	0,85	12,17	0,05
805,00	819,40	0,85	12,28	0,05
806,00	820,40	0,85	12,13	0,05
807,00	821,40	0,85	11,90	0,05
808,00	822,50	0,85	12,15	0,05
809,00	823,60	0,85	12,31	0,05
810,00	824,70	0,85	12,31	0,05
811,00	825,70	0,85	12,48	0,06
812,00	826,70	0,86	12,17	0,05
813,00	827,70	0,86	12,16	0,05
814,00	828,70	0,86	12,16	0,05
815,00	829,70	0,86	11,97	0,05
816,00	830,80	0,86	12,10	0,05
817,00	831,90	0,86	12,04	0,05
818,00	833,00	0,86	12,10	0,05
819,00	834,00	0,86	12,11	0,05
820,00	835,00	0,86	12,02	0,05
821,00	836,00	0,87	11,99	0,05
822,00	837,00	0,87	11,99	0,05
823,00	838,00	0,87	12,16	0,05
824,00	839,10	0,87	12,19	0,05
825,00	840,20	0,87	12,12	0,05
826,00	841,30	0,87	11,87	0,05
827,00	842,30	0,87	11,93	0,05
828,00	843,30	0,87	11,94	0,05
829,00	844,30	0,87	12,02	0,05
830,00	845,30	0,87	12,05	0,05
831,00	846,30	0,88	12,25	0,05
832,00	847,40	0,88	12,34	0,05
833,00	848,50	0,88	12,14	0,05
834,00	849,60	0,88	12,10	0,05
835,00	850,70	0,88	12,27	0,05
836,00	851,70	0,88	12,07	0,05
837,00	852,70	0,88	11,93	0,05
838,00	853,70	0,88	11,94	0,05
839,00	854,70	0,88	11,92	0,05
840,00	855,70	0,89	11,96	0,05
841,00	856,80	0,89	11,96	0,05
842,00	857,90	0,89	11,85	0,05
843,00	859,00	0,89	12,03	0,05
844,00	860,00	0,89	12,00	0,05
845,00	861,00	0,89	12,02	0,05
846,00	862,00	0,89	11,97	0,05
847,00	863,00	0,89	12,19	0,05
848,00	864,00	0,89	12,00	0,05
849,00	865,10	0,90	12,11	0,05
850,00	866,20	0,90	12,06	0,05
851,00	867,30	0,90	11,99	0,05
852,00	868,30	0,90	12,12	0,05
853,00	869,30	0,90	12,08	0,05
854,00	870,30	0,90	12,19	0,05
855,00	871,30	0,90	12,10	0,05
856,00	872,30	0,90	12,26	0,05
857,00	873,40	0,90	12,33	0,05
858,00	874,50	0,91	12,21	0,05
859,00	875,60	0,91	11,98	0,05
860,00	876,60	0,91	12,14	0,05
861,00	877,60	0,91	12,20	0,05
862,00	878,60	0,91	12,09	0,05
863,00	879,60	0,91	12,17	0,05
864,00	880,60	0,91	12,08	0,05
865,00	881,70	0,91	12,11	0,05
866,00	882,80	0,91	12,05	0,05
867,00	883,90	0,91	11,93	0,05
868,00	884,90	0,92	11,93	0,05
869,00	885,90	0,92	11,79	0,05
870,00	886,90	0,92	11,98	0,05
871,00	887,90	0,92	11,87	0,05
872,00	888,90	0,92	11,92	0,05
873,00	890,00	0,92	12,06	0,05
874,00	891,10	0,92	12,06	0,05
875,00	892,20	0,92	12,14	0,05
876,00	893,20	0,92	12,10	0,05
877,00	894,20	0,93	12,15	0,05
878,00	895,20	0,93	12,26	0,05
879,00	896,20	0,93	12,30	0,05
880,00	897,20	0,93	11,98	0,05
881,00	898,30	0,93	11,87	0,05
882,00	899,40	0,93	12,03	0,05
883,00	900,50	0,93	11,98	0,05
884,00	901,60	0,93	12,22	0,05
885,00	902,60	0,93	12,29	0,05
886,00	903,60	0,94	12,35	0,05
887,00	904,60	0,94	12,31	0,05
888,00	905,60	0,94	12,34	0,05
889,00	906,60	0,94	12,32	0,05
890,00	907,70	0,94	12,25	0,05
891,00	908,80	0,94	12,49	0,06
892,00	909,90	0,94	12,39	0,06
893,00	910,90	0,94	12,37	0,05
894,00	911,90	0,94	12,47	0,06
895,00	912,90	0,94	12,36	0,05
896,00	913,90	0,95	12,33	0,05
897,00	914,90	0,95	12,23	0,05
898,00	916,00	0,95	12,32	0,05
899,00	917,10	0,95	12,07	0,05
900,00	918,20	0,95	12,22	0,05
901,00	919,20	0,95	12,10	0,05
902,00	920,20	0,95	12,05	0,05
903,00	921,20	0,95	11,87	0,05
904,00	922,20	0,95	12,07	0,05
905,00	923,20	0,96	12,23	0,05
906,00	924,30	0,96	12,02	0,05
907,00	925,40	0,96	12,07	0,05
908,00	926,50	0,96	11,74	0,05
909,00	927,60	0,96	11,93	0,05
910,00	928,60	0,96	11,70	0,05
911,00	929,60	0,96	11,67	0,05
912,00	930,60	0,96	11,92	0,05
913,00	931,60	0,96	11,99	0,05
914,00	932,60	0,97	11,90	0,05
915,00	933,70	0,97	12,13	0,05
916,00	934,80	0,97	12,13	0,05
917,00	935,90	0,97	12,08	0,05
918,00	936,90	0,97	12,16	0,05
919,00	937,90	0,97	12,21	0,05
920,00	938,90	0,97	11,98	0,05
921,00	939,90	0,97	12,06	0,05
922,00	940,90	0,97	12,02	0,05
923,00	942,00	0,97	12,00	0,05
924,00	943,10	0,98	12,11	0,05
925,00	944,20	0,98	12,15	0,05
926,00	945,20	0,98	12,05	0,05
927,00	946,20	0,98	12,05	0,05
928,00	947,20	0,98	12,12	0,05
929,00	948,20	0,98	12,08	0,05
930,00	949,20	0,98	11,99	0,05
931,00	950,30	0,98	11,84	0,05
932,00	951,40	0,98	12,01	0,05
933,00	952,50	0,99	11,97	0,05
934,00	953,50	0,99	12,07	0,05
935,00	954,50	0,99	12,13	0,05
936,00	955,50	0,99	12,19	0,05
937,00	956,50	0,99	12,22	0,05
938,00	957,50	0,99	12,05	0,05
939,00	958,60	0,99	12,02	0,05
940,00	959,70	0,99	11,81	0,05
941,00	960,80	0,99	11,99	0,05
942,00	961,80	1,00	12,02	0,05
943,00	962,80	1,00	11,77	0,05
944,00	963,80	1,00	11,92	0,05
945,00	964,80	1,00	11,90	0,05
946,00	965,80	1,00	11,92	0,05
947,00	966,90	1,00	11,96	0,05
948,00	968,00	1,00	11,87	0,05
949,00	969,10	1,00	11,90	0,05
950,00	970,10	1,00	11,88	0,05
951,00	971,10	1,01	11,66	0,05
952,00	972,10	1,01	11,79	0,05
953,00	973,10	1,01	11,84	0,05
954,00	974,10	1,01	11,97	0,05
955,00	975,20	1,01	12,07	0,05
956,00	976,30	1,01	12,28	0,05
957,00	977,40	1,01	12,34	0,05
958,00	978,40	1,01	12,10	0,05
959,00	979,40	1,01	11,98	0,05
960,00	980,40	1,01	12,02	0,05
961,00	981,40	1,02	12,04	0,05
962,00	982,40	1,02	11,98	0,05
963,00	983,50	1,02	11,96	0,05
964,00	984,60	1,02	11,91	0,05
965,00	985,70	1,02	11,95	0,05
966,00	986,70	1,02	11,74	0,05
967,00	987,70	1,02	11,75	0,05
968,00	988,70	1,02	12,11	0,05
969,00	989,70	1,02	12,01	0,05
970,00	990,70	1,03	11,98	0,05
971,00	991,80	1,03	11,98	0,05
972,00	992,90	1,03	12,05	0,05
973,00	994,00	1,03	12,12	0,05
974,00	995,10	1,03	12,19	0,05
975,00	996,10	1,03	12,35	0,05
976,00	997,10	1,03	12,11	0,05
977,00	998,10	1,03	12,07	0,05
978,00	999,10	1,03	12,32	0,05
979,00	1,00E+3	1,04	12,42	0,06
980,00	1,00E+3	1,04	12,35	0,05
981,00	1,00E+3	1,04	12,20	0,05
982,00	1,00E+3	1,04	12,10	0,05
983,00	1,00E+3	1,04	12,28	0,05
984,00	1,01E+3	1,04	12,05	0,05
985,00	1,01E+3	1,04	12,17	0,05
986,00	1,01E+3	1,04	12,23	0,05
987,00	1,01E+3	1,04	12,20	0,05
988,00	1,01E+3	1,04	12,12	0,05
989,00	1,01E+3	1,05	12,24	0,05
990,00	1,01E+3	1,05	12,28	0,05
991,00	1,01E+3	1,05	12,37	0,05
992,00	1,01E+3	1,05	12,17	0,05
993,00	1,01E+3	1,05	12,07	0,05
994,00	1,02E+3	1,05	12,12	0,05
995,00	1,02E+3	1,05	12,30	0,05
996,00	1,02E+3	1,05	12,20	0,05
997,00	1,02E+3	1,05	12,07	0,05
998,00	1,02E+3	1,06	11,97	0,05
999,00	1,02E+3	1,06	11,83	0,05
1,00E+3	1,02E+3	1,06	11,95	0,05
1,00E+3	1,02E+3	1,06	12,03	0,05
1,00E+3	1,02E+3	1,06	12,18	0,05
1,00E+3	1,03E+3	1,06	12,14	0,05
1,00E+3	1,03E+3	1,06	12,00	0,05
1,01E+3	1,03E+3	1,06	12,11	0,05
1,01E+3	1,03E+3	1,06	11,94	0,05
1,01E+3	1,03E+3	1,07	11,97	0,05
1,01E+3	1,03E+3	1,07	11,84	0,05
1,01E+3	1,03E+3	1,07	11,90	0,05
1,01E+3	1,03E+3	1,07	11,79	0,05
1,01E+3	1,03E+3	1,07	11,77	0,05
1,01E+3	1,03E+3	1,07	11,89	0,05
1,01E+3	1,04E+3	1,07	11,91	0,05
1,01E+3	1,04E+3	1,07	11,92	0,05
1,02E+3	1,04E+3	1,07	12,03	0,05
1,02E+3	1,04E+3	1,07	12,15	0,05
1,02E+3	1,04E+3	1,08	12,17	0,05
1,02E+3	1,04E+3	1,08	12,05	0,05
1,02E+3	1,04E+3	1,08	11,94	0,05
1,02E+3	1,04E+3	1,08	12,04	0,05
1,02E+3	1,04E+3	1,08	11,99	0,05
1,02E+3	1,04E+3	1,08	12,17	0,05
1,02E+3	1,05E+3	1,08	12,16	0,05
1,02E+3	1,05E+3	1,08	12,15	0,05
1,03E+3	1,05E+3	1,08	12,18	0,05
1,03E+3	1,05E+3	1,08	12,13	0,05
1,03E+3	1,05E+3	1,09	12,05	0,05
1,03E+3	1,05E+3	1,09	11,90	0,05
1,03E+3	1,05E+3	1,09	11,88	0,05
1,03E+3	1,05E+3	1,09	11,86	0,05
1,03E+3	1,05E+3	1,09	12,03	0,05
1,03E+3	1,05E+3	1,09	12,05	0,05
1,03E+3	1,06E+3	1,09	12,07	0,05
1,03E+3	1,06E+3	1,09	12,25	0,05
1,04E+3	1,06E+3	1,09	12,41	0,06
1,04E+3	1,06E+3	1,10	12,46	0,06
1,04E+3	1,06E+3	1,10	12,51	0,06
1,04E+3	1,06E+3	1,10	12,50	0,06
1,04E+3	1,06E+3	1,10	12,28	0,05
1,04E+3	1,06E+3	1,10	12,13	0,05
1,04E+3	1,06E+3	1,10	12,36	0,05
1,04E+3	1,06E+3	1,10	12,30	0,05
1,04E+3	1,07E+3	1,10	12,26	0,05
1,04E+3	1,07E+3	1,10	12,20	0,05
1,05E+3	1,07E+3	1,10	12,22	0,05
1,05E+3	1,07E+3	1,11	12,38	0,05
1,05E+3	1,07E+3	1,11	12,31	0,05
1,05E+3	1,07E+3	1,11	12,33	0,05
1,05E+3	1,07E+3	1,11	12,13	0,05
1,05E+3	1,07E+3	1,11	12,23	0,05
1,05E+3	1,07E+3	1,11	12,20	0,05
1,05E+3	1,07E+3	1,11	12,28	0,05
1,05E+3	1,08E+3	1,11	12,12	0,05
1,05E+3	1,08E+3	1,11	12,07	0,05
1,06E+3	1,08E+3	1,11	12,23	0,05
1,06E+3	1,08E+3	1,12	12,03	0,05
1,06E+3	1,08E+3	1,12	12,09	0,05
1,06E+3	1,08E+3	1,12	12,41	0,06
1,06E+3	1,08E+3	1,12	12,34	0,05
1,06E+3	1,08E+3	1,12	12,26	0,05
1,06E+3	1,08E+3	1,12	12,30	0,05
1,06E+3	1,08E+3	1,12	12,23	0,05
1,06E+3	1,09E+3	1,12	12,10	0,05
1,06E+3	1,09E+3	1,12	11,96	0,05
1,07E+3	1,09E+3	1,13	12,00	0,05
1,07E+3	1,09E+3	1,13	12,16	0,05
1,07E+3	1,09E+3	1,13	12,03	0,05
1,07E+3	1,09E+3	1,13	12,08	0,05
1,07E+3	1,09E+3	1,13	11,91	0,05
1,07E+3	1,09E+3	1,13	11,94	0,05
1,07E+3	1,09E+3	1,13	12,07	0,05
1,07E+3	1,09E+3	1,13	12,04	0,05
1,07E+3	1,10E+3	1,13	12,16	0,05
1,07E+3	1,10E+3	1,13	12,16	0,05
1,08E+3	1,10E+3	1,14	12,16	0,05
1,08E+3	1,10E+3	1,14	12,17	0,05
1,08E+3	1,10E+3	1,14	12,02	0,05
1,08E+3	1,10E+3	1,14	11,92	0,05
1,08E+3	1,10E+3	1,14	11,88	0,05
1,08E+3	1,10E+3	1,14	12,02	0,05
1,08E+3	1,10E+3	1,14	12,03	0,05
1,08E+3	1,10E+3	1,14	12,30	0,05
1,08E+3	1,11E+3	1,14	11,98	0,05
1,08E+3	1,11E+3	1,14	12,12	0,05
1,09E+3	1,11E+3	1,15	12,20	0,05
1,09E+3	1,11E+3	1,15	11,98	0,05
1,09E+3	1,11E+3	1,15	12,25	0,05
1,09E+3	1,11E+3	1,15	12,32	0,05
1,09E+3	1,11E+3	1,15	12,10	0,05
1,09E+3	1,11E+3	1,15	12,14	0,05
1,09E+3	1,11E+3	1,15	12,23	0,05
1,09E+3	1,11E+3	1,15	12,43	0,06
1,09E+3	1,12E+3	1,15	12,32	0,05
1,09E+3	1,12E+3	1,16	12,16	0,05
1,10E+3	1,12E+3	1,16	12,15	0,05
1,10E+3	1,12E+3	1,16	12,12	0,05
1,10E+3	1,12E+3	1,16	12,12	0,05
1,10E+3	1,12E+3	1,16	11,84	0,05
1,10E+3	1,12E+3	1,16	11,94	0,05
1,10E+3	1,12E+3	1,16	12,18	0,05
1,10E+3	1,12E+3	1,16	11,88	0,05
1,10E+3	1,12E+3	1,16	11,83	0,05
1,10E+3	1,13E+3	1,16	11,90	0,05
1,10E+3	1,13E+3	1,17	11,91	0,05
1,11E+3	1,13E+3	1,17	12,03	0,05
1,11E+3	1,13E+3	1,17	12,14	0,05
1,11E+3	1,13E+3	1,17	11,89	0,05
1,11E+3	1,13E+3	1,17	12,11	0,05
1,11E+3	1,13E+3	1,17	12,16	0,05
1,11E+3	1,13E+3	1,17	12,19	0,05
1,11E+3	1,13E+3	1,17	12,02	0,05
1,11E+3	1,13E+3	1,17	11,91	0,05
1,11E+3	1,14E+3	1,17	11,73	0,05
1,11E+3	1,14E+3	1,18	11,96	0,05
1,12E+3	1,14E+3	1,18	11,84	0,05
1,12E+3	1,14E+3	1,18	11,80	0,05
1,12E+3	1,14E+3	1,18	12,08	0,05
1,12E+3	1,14E+3	1,18	11,98	0,05
1,12E+3	1,14E+3	1,18	12,10	0,05
1,12E+3	1,14E+3	1,18	12,18	0,05
1,12E+3	1,14E+3	1,18	12,31	0,05
1,12E+3	1,14E+3	1,18	12,33	0,05
1,12E+3	1,15E+3	1,19	12,22	0,05
1,12E+3	1,15E+3	1,19	12,17	0,05
1,13E+3	1,15E+3	1,19	12,18	0,05
1,13E+3	1,15E+3	1,19	12,32	0,05
1,13E+3	1,15E+3	1,19	12,12	0,05
1,13E+3	1,15E+3	1,19	12,05	0,05
1,13E+3	1,15E+3	1,19	12,13	0,05
1,13E+3	1,15E+3	1,19	11,97	0,05
1,13E+3	1,15E+3	1,19	11,98	0,05
1,13E+3	1,15E+3	1,19	11,87	0,05
1,13E+3	1,16E+3	1,20	11,84	0,05
1,13E+3	1,16E+3	1,20	11,99	0,05
1,14E+3	1,16E+3	1,20	12,04	0,05
1,14E+3	1,16E+3	1,20	12,07	0,05
1,14E+3	1,16E+3	1,20	12,08	0,05
1,14E+3	1,16E+3	1,20	11,99	0,05
1,14E+3	1,16E+3	1,20	12,16	0,05
1,14E+3	1,16E+3	1,20	12,07	0,05
1,14E+3	1,16E+3	1,20	12,08	0,05
1,14E+3	1,16E+3	1,20	12,14	0,05
1,14E+3	1,17E+3	1,21	12,25	0,05
1,14E+3	1,17E+3	1,21	12,47	0,06
1,15E+3	1,17E+3	1,21	12,40	0,06
1,15E+3	1,17E+3	1,21	12,47	0,06
1,15E+3	1,17E+3	1,21	12,26	0,05
1,15E+3	1,17E+3	1,21	12,27	0,05
1,15E+3	1,17E+3	1,21	12,21	0,05
1,15E+3	1,17E+3	1,21	12,14	0,05
1,15E+3	1,17E+3	1,21	12,10	0,05
1,15E+3	1,17E+3	1,22	12,23	0,05
1,15E+3	1,18E+3	1,22	12,02	0,05
1,15E+3	1,18E+3	1,22	11,96	0,05
1,16E+3	1,18E+3	1,22	11,99	0,05
1,16E+3	1,18E+3	1,22	11,76	0,05
1,16E+3	1,18E+3	1,22	11,92	0,05
1,16E+3	1,18E+3	1,22	11,94	0,05
1,16E+3	1,18E+3	1,22	12,03	0,05
1,16E+3	1,18E+3	1,22	12,00	0,05
1,16E+3	1,18E+3	1,22	11,93	0,05
1,16E+3	1,18E+3	1,23	11,87	0,05
1,16E+3	1,19E+3	1,23	12,00	0,05
1,16E+3	1,19E+3	1,23	11,82	0,05
1,17E+3	1,19E+3	1,23	11,89	0,05
1,17E+3	1,19E+3	1,23	11,91	0,05
1,17E+3	1,19E+3	1,23	11,84	0,05
1,17E+3	1,19E+3	1,23	11,95	0,05
1,17E+3	1,19E+3	1,23	11,86	0,05
1,17E+3	1,19E+3	1,23	11,72	0,05
1,17E+3	1,19E+3	1,23	11,84	0,05
1,17E+3	1,19E+3	1,24	11,77	0,05
1,17E+3	1,20E+3	1,24	11,63	0,05
1,17E+3	1,20E+3	1,24	11,77	0,05
1,18E+3	1,20E+3	1,24	12,07	0,05
1,18E+3	1,20E+3	1,24	12,06	0,05
1,18E+3	1,20E+3	1,24	12,26	0,05
1,18E+3	1,20E+3	1,24	12,22	0,05
1,18E+3	1,20E+3	1,24	12,28	0,05
1,18E+3	1,20E+3	1,24	12,27	0,05
1,18E+3	1,20E+3	1,25	12,18	0,05
1,18E+3	1,20E+3	1,25	12,19	0,05
1,18E+3	1,21E+3	1,25	12,25	0,05
1,18E+3	1,21E+3	1,25	12,25	0,05
1,19E+3	1,21E+3	1,25	12,10	0,05
1,19E+3	1,21E+3	1,25	12,10	0,05
1,19E+3	1,21E+3	1,25	12,10	0,05
1,19E+3	1,21E+3	1,25	12,04	0,05
1,19E+3	1,21E+3	1,25	11,96	0,05
1,19E+3	1,21E+3	1,25	11,99	0,05
1,19E+3	1,21E+3	1,26	12,01	0,05
1,19E+3	1,21E+3	1,26	12,02	0,05
1,19E+3	1,22E+3	1,26	11,99	0,05
1,19E+3	1,22E+3	1,26	11,95	0,05
1,20E+3	1,22E+3	1,26	12,01	0,05
1,20E+3	1,22E+3	1,26	11,89	0,05
1,20E+3	1,22E+3	1,26	11,71	0,05
1,20E+3	1,22E+3	1,26	11,79	0,05
1,20E+3	1,22E+3	1,26	11,69	0,05
1,20E+3	1,22E+3	1,26	11,87	0,05
1,20E+3	1,22E+3	1,27	11,98	0,05
1,20E+3	1,22E+3	1,27	11,91	0,05
1,20E+3	1,23E+3	1,27	11,90	0,05
1,20E+3	1,23E+3	1,27	11,98	0,05
1,21E+3	1,23E+3	1,27	11,83	0,05
1,21E+3	1,23E+3	1,27	11,90	0,05
1,21E+3	1,23E+3	1,27	11,83	0,05
1,21E+3	1,23E+3	1,27	11,75	0,05
1,21E+3	1,23E+3	1,27	11,84	0,05
1,21E+3	1,23E+3	1,28	11,81	0,05
1,21E+3	1,23E+3	1,28	11,81	0,05
1,21E+3	1,23E+3	1,28	11,77	0,05
1,21E+3	1,24E+3	1,28	11,84	0,05
1,21E+3	1,24E+3	1,28	11,88	0,05
1,22E+3	1,24E+3	1,28	11,94	0,05
1,22E+3	1,24E+3	1,28	11,95	0,05
1,22E+3	1,24E+3	1,28	11,86	0,05
1,22E+3	1,24E+3	1,28	12,01	0,05
1,22E+3	1,24E+3	1,28	11,90	0,05
1,22E+3	1,24E+3	1,29	11,98	0,05
1,22E+3	1,24E+3	1,29	12,07	0,05
1,22E+3	1,24E+3	1,29	11,89	0,05
1,22E+3	1,25E+3	1,29	12,00	0,05
1,22E+3	1,25E+3	1,29	11,86	0,05
1,23E+3	1,25E+3	1,29	11,93	0,05
1,23E+3	1,25E+3	1,29	12,08	0,05
1,23E+3	1,25E+3	1,29	12,07	0,05
1,23E+3	1,25E+3	1,29	11,83	0,05
1,23E+3	1,25E+3	1,29	11,92	0,05
1,23E+3	1,25E+3	1,30	11,91	0,05
1,23E+3	1,25E+3	1,30	11,67	0,05
1,23E+3	1,25E+3	1,30	11,93	0,05
1,23E+3	1,26E+3	1,30	12,09	0,05
1,23E+3	1,26E+3	1,30	12,13	0,05
1,24E+3	1,26E+3	1,30	11,94	0,05
1,24E+3	1,26E+3	1,30	12,00	0,05
1,24E+3	1,26E+3	1,30	12,03	0,05
1,24E+3	1,26E+3	1,30	11,79	0,05
1,24E+3	1,26E+3	1,31	11,75	0,05
1,24E+3	1,26E+3	1,31	12,02	0,05
1,24E+3	1,26E+3	1,31	12,08	0,05
1,24E+3	1,26E+3	1,31	12,00	0,05
1,24E+3	1,27E+3	1,31	12,10	0,05
1,24E+3	1,27E+3	1,31	11,96	0,05
1,25E+3	1,27E+3	1,31	12,24	0,05
1,25E+3	1,27E+3	1,31	12,19	0,05
1,25E+3	1,27E+3	1,31	12,18	0,05
1,25E+3	1,27E+3	1,31	12,29	0,05
1,25E+3	1,27E+3	1,32	12,26	0,05
1,25E+3	1,27E+3	1,32	11,95	0,05
1,25E+3	1,27E+3	1,32	11,96	0,05
1,25E+3	1,27E+3	1,32	11,89	0,05
1,25E+3	1,28E+3	1,32	12,06	0,05
1,25E+3	1,28E+3	1,32	12,21	0,05
1,26E+3	1,28E+3	1,32	12,12	0,05
1,26E+3	1,28E+3	1,32	12,07	0,05
1,26E+3	1,28E+3	1,32	11,97	0,05
1,26E+3	1,28E+3	1,32	12,08	0,05
1,26E+3	1,28E+3	1,33	12,19	0,05
1,26E+3	1,28E+3	1,33	12,03	0,05
1,26E+3	1,28E+3	1,33	12,14	0,05
1,26E+3	1,28E+3	1,33	12,15	0,05
1,26E+3	1,29E+3	1,33	11,90	0,05
1,26E+3	1,29E+3	1,33	11,73	0,05
1,27E+3	1,29E+3	1,33	11,72	0,05
1,27E+3	1,29E+3	1,33	11,76	0,05
1,27E+3	1,29E+3	1,33	11,84	0,05
1,27E+3	1,29E+3	1,34	11,97	0,05
1,27E+3	1,29E+3	1,34	12,22	0,05
1,27E+3	1,29E+3	1,34	12,22	0,05
1,27E+3	1,29E+3	1,34	12,29	0,05
1,27E+3	1,29E+3	1,34	12,37	0,05
1,27E+3	1,30E+3	1,34	12,31	0,05
1,27E+3	1,30E+3	1,34	12,32	0,05
1,28E+3	1,30E+3	1,34	12,39	0,06
1,28E+3	1,30E+3	1,34	12,28	0,05
1,28E+3	1,30E+3	1,34	12,10	0,05
1,28E+3	1,30E+3	1,35	12,11	0,05
1,28E+3	1,30E+3	1,35	12,09	0,05
1,28E+3	1,30E+3	1,35	12,23	0,05
1,28E+3	1,30E+3	1,35	12,48	0,06
1,28E+3	1,30E+3	1,35	12,52	0,06
1,28E+3	1,31E+3	1,35	12,46	0,06
1,28E+3	1,31E+3	1,35	12,37	0,05
1,29E+3	1,31E+3	1,35	12,22	0,05
1,29E+3	1,31E+3	1,35	12,21	0,05
1,29E+3	1,31E+3	1,35	12,15	0,05
1,29E+3	1,31E+3	1,36	11,99	0,05
1,29E+3	1,31E+3	1,36	12,00	0,05
1,29E+3	1,31E+3	1,36	12,16	0,05
1,29E+3	1,31E+3	1,36	12,28	0,05
1,29E+3	1,31E+3	1,36	12,05	0,05
1,29E+3	1,32E+3	1,36	12,03	0,05
1,29E+3	1,32E+3	1,36	12,18	0,05
1,30E+3	1,32E+3	1,36	12,34	0,05
1,30E+3	1,32E+3	1,36	12,28	0,05
1,30E+3	1,32E+3	1,37	12,19	0,05
1,30E+3	1,32E+3	1,37	12,26	0,05
1,30E+3	1,32E+3	1,37	12,29	0,05
1,30E+3	1,32E+3	1,37	12,47	0,06
1,30E+3	1,32E+3	1,37	12,38	0,05
1,30E+3	1,32E+3	1,37	12,33	0,05
1,30E+3	1,33E+3	1,37	12,25	0,05
1,30E+3	1,33E+3	1,37	12,38	0,06
1,31E+3	1,33E+3	1,37	12,33	0,05
1,31E+3	1,33E+3	1,37	12,35	0,05
1,31E+3	1,33E+3	1,38	12,28	0,05
1,31E+3	1,33E+3	1,38	12,19	0,05
1,31E+3	1,33E+3	1,38	12,42	0,06
1,31E+3	1,33E+3	1,38	12,31	0,05
1,31E+3	1,33E+3	1,38	12,39	0,06
1,31E+3	1,33E+3	1,38	12,47	0,06
1,31E+3	1,34E+3	1,38	12,35	0,05
1,31E+3	1,34E+3	1,38	12,16	0,05
1,32E+3	1,34E+3	1,38	12,07	0,05
1,32E+3	1,34E+3	1,38	11,99	0,05
1,32E+3	1,34E+3	1,39	12,18	0,05
1,32E+3	1,34E+3	1,39	12,18	0,05
1,32E+3	1,34E+3	1,39	12,39	0,06
1,32E+3	1,34E+3	1,39	12,51	0,06
1,32E+3	1,34E+3	1,39	12,38	0,05
1,32E+3	1,34E+3	1,39	12,36	0,05
1,32E+3	1,35E+3	1,39	12,21	0,05
1,32E+3	1,35E+3	1,39	12,19	0,05
1,33E+3	1,35E+3	1,39	12,18	0,05
1,33E+3	1,35E+3	1,40	12,22	0,05
1,33E+3	1,35E+3	1,40	12,14	0,05
1,33E+3	1,35E+3	1,40	12,13	0,05
1,33E+3	1,35E+3	1,40	12,41	0,06
1,33E+3	1,35E+3	1,40	12,43	0,06
1,33E+3	1,35E+3	1,40	12,28	0,05
1,33E+3	1,35E+3	1,40	12,37	0,05
1,33E+3	1,36E+3	1,40	12,23	0,05
1,33E+3	1,36E+3	1,40	12,09	0,05
1,34E+3	1,36E+3	1,40	12,13	0,05
1,34E+3	1,36E+3	1,41	12,24	0,05
1,34E+3	1,36E+3	1,41	12,13	0,05
1,34E+3	1,36E+3	1,41	12,23	0,05
1,34E+3	1,36E+3	1,41	12,09	0,05
1,34E+3	1,36E+3	1,41	12,21	0,05
1,34E+3	1,36E+3	1,41	12,13	0,05
1,34E+3	1,36E+3	1,41	12,11	0,05
1,34E+3	1,37E+3	1,41	12,17	0,05
1,34E+3	1,37E+3	1,41	12,31	0,05
1,35E+3	1,37E+3	1,41	12,29	0,05
1,35E+3	1,37E+3	1,42	12,51	0,06
1,35E+3	1,37E+3	1,42	12,39	0,06
1,35E+3	1,37E+3	1,42	12,40	0,06
1,35E+3	1,37E+3	1,42	12,27	0,05
1,35E+3	1,37E+3	1,42	12,25	0,05
1,35E+3	1,37E+3	1,42	12,38	0,05
1,35E+3	1,37E+3	1,42	12,14	0,05
1,35E+3	1,38E+3	1,42	12,35	0,05
1,35E+3	1,38E+3	1,42	12,50	0,06
1,36E+3	1,38E+3	1,43	12,33	0,05
1,36E+3	1,38E+3	1,43	12,20	0,05
1,36E+3	1,38E+3	1,43	12,18	0,05
1,36E+3	1,38E+3	1,43	12,29	0,05
1,36E+3	1,38E+3	1,43	12,35	0,05
1,36E+3	1,38E+3	1,43	12,37	0,05
1,36E+3	1,38E+3	1,43	12,32	0,05
1,36E+3	1,38E+3	1,43	12,39	0,06
1,36E+3	1,39E+3	1,43	12,24	0,05
1,36E+3	1,39E+3	1,43	12,26	0,05
1,37E+3	1,39E+3	1,44	12,40	0,06
1,37E+3	1,39E+3	1,44	12,45	0,06
1,37E+3	1,39E+3	1,44	12,24	0,05
1,37E+3	1,39E+3	1,44	12,24	0,05
1,37E+3	1,39E+3	1,44	12,40	0,06
1,37E+3	1,39E+3	1,44	12,39	0,06
1,37E+3	1,39E+3	1,44	12,36	0,05
1,37E+3	1,39E+3	1,44	12,31	0,05
1,37E+3	1,40E+3	1,44	12,40	0,06
1,37E+3	1,40E+3	1,44	12,13	0,05
1,38E+3	1,40E+3	1,45	12,11	0,05
1,38E+3	1,40E+3	1,45	12,39	0,06
1,38E+3	1,40E+3	1,45	12,36	0,05
1,38E+3	1,40E+3	1,45	12,33	0,05
1,38E+3	1,40E+3	1,45	12,25	0,05
1,38E+3	1,40E+3	1,45	12,28	0,05
1,38E+3	1,40E+3	1,45	12,24	0,05
1,38E+3	1,40E+3	1,45	12,09	0,05
1,38E+3	1,41E+3	1,45	12,17	0,05
1,38E+3	1,41E+3	1,46	12,04	0,05
1,39E+3	1,41E+3	1,46	12,07	0,05
1,39E+3	1,41E+3	1,46	12,14	0,05
1,39E+3	1,41E+3	1,46	12,26	0,05
1,39E+3	1,41E+3	1,46	12,20	0,05
1,39E+3	1,41E+3	1,46	12,20	0,05
1,39E+3	1,41E+3	1,46	12,13	0,05
1,39E+3	1,41E+3	1,46	12,08	0,05
1,39E+3	1,41E+3	1,46	12,00	0,05
1,39E+3	1,42E+3	1,46	12,19	0,05
1,39E+3	1,42E+3	1,47	12,39	0,06
1,40E+3	1,42E+3	1,47	12,30	0,05
1,40E+3	1,42E+3	1,47	12,28	0,05
1,40E+3	1,42E+3	1,47	12,16	0,05
1,40E+3	1,42E+3	1,47	12,12	0,05
1,40E+3	1,42E+3	1,47	12,16	0,05
1,40E+3	1,42E+3	1,47	12,17	0,05
1,40E+3	1,42E+3	1,47	12,04	0,05
1,40E+3	1,42E+3	1,47	12,04	0,05
1,40E+3	1,43E+3	1,47	12,03	0,05
1,40E+3	1,43E+3	1,48	12,28	0,05
1,41E+3	1,43E+3	1,48	12,35	0,05
1,41E+3	1,43E+3	1,48	11,97	0,05
1,41E+3	1,43E+3	1,48	12,05	0,05
1,41E+3	1,43E+3	1,48	12,04	0,05
1,41E+3	1,43E+3	1,48	11,82	0,05
1,41E+3	1,43E+3	1,48	12,19	0,05
1,41E+3	1,43E+3	1,48	12,23	0,05
1,41E+3	1,43E+3	1,48	12,23	0,05
1,41E+3	1,44E+3	1,49	12,22	0,05
1,41E+3	1,44E+3	1,49	12,22	0,05
1,42E+3	1,44E+3	1,49	12,09	0,05
1,42E+3	1,44E+3	1,49	12,08	0,05
1,42E+3	1,44E+3	1,49	12,24	0,05
1,42E+3	1,44E+3	1,49	12,23	0,05
1,42E+3	1,44E+3	1,49	12,22	0,05
1,42E+3	1,44E+3	1,49	12,23	0,05
1,42E+3	1,44E+3	1,49	12,27	0,05
1,42E+3	1,44E+3	1,49	12,38	0,05
1,42E+3	1,45E+3	1,50	12,27	0,05
1,42E+3	1,45E+3	1,50	12,23	0,05
1,43E+3	1,45E+3	1,50	12,20	0,05
1,43E+3	1,45E+3	1,50	12,29	0,05
1,43E+3	1,45E+3	1,50	12,40	0,06
1,43E+3	1,45E+3	1,50	12,43	0,06
1,43E+3	1,45E+3	1,50	12,55	0,06
1,43E+3	1,45E+3	1,50	12,64	0,06
1,43E+3	1,45E+3	1,50	12,45	0,06
1,43E+3	1,45E+3	1,51	12,31	0,05
1,43E+3	1,46E+3	1,51	12,26	0,05
1,43E+3	1,46E+3	1,51	12,11	0,05
1,44E+3	1,46E+3	1,51	12,25	0,05
1,44E+3	1,46E+3	1,51	12,16	0,05
1,44E+3	1,46E+3	1,51	12,32	0,05
1,44E+3	1,46E+3	1,51	12,10	0,05
1,44E+3	1,46E+3	1,51	12,12	0,05
1,44E+3	1,46E+3	1,51	12,29	0,05
1,44E+3	1,46E+3	1,52	12,38	0,05
1,44E+3	1,47E+3	1,52	12,33	0,05
1,44E+3	1,47E+3	1,52	12,37	0,05
1,44E+3	1,47E+3	1,52	12,16	0,05
1,45E+3	1,47E+3	1,52	12,18	0,05
1,45E+3	1,47E+3	1,52	12,45	0,06
1,45E+3	1,47E+3	1,52	12,49	0,06
1,45E+3	1,47E+3	1,52	12,35	0,05
1,45E+3	1,47E+3	1,52	12,33	0,05
1,45E+3	1,47E+3	1,53	12,31	0,05
1,45E+3	1,47E+3	1,53	12,17	0,05
1,45E+3	1,48E+3	1,53	12,23	0,05
1,45E+3	1,48E+3	1,53	12,26	0,05
1,45E+3	1,48E+3	1,53	12,17	0,05
1,46E+3	1,48E+3	1,53	12,17	0,05
1,46E+3	1,48E+3	1,53	12,12	0,05
1,46E+3	1,48E+3	1,53	12,10	0,05
1,46E+3	1,48E+3	1,53	12,31	0,05
1,46E+3	1,48E+3	1,53	12,19	0,05
1,46E+3	1,48E+3	1,54	12,11	0,05
1,46E+3	1,48E+3	1,54	12,04	0,05
1,46E+3	1,49E+3	1,54	12,05	0,05
1,46E+3	1,49E+3	1,54	11,89	0,05
1,46E+3	1,49E+3	1,54	11,85	0,05
1,47E+3	1,49E+3	1,54	11,92	0,05
1,47E+3	1,49E+3	1,54	11,93	0,05
1,47E+3	1,49E+3	1,54	12,03	0,05
1,47E+3	1,49E+3	1,54	12,21	0,05
1,47E+3	1,49E+3	1,55	12,22	0,05
1,47E+3	1,49E+3	1,55	12,34	0,05
1,47E+3	1,50E+3	1,55	12,39	0,06
1,47E+3	1,50E+3	1,55	12,31	0,05
1,47E+3	1,50E+3	1,55	12,25	0,05
1,47E+3	1,50E+3	1,55	12,20	0,05
1,48E+3	1,50E+3	1,55	12,14	0,05
1,48E+3	1,50E+3	1,55	12,14	0,05
1,48E+3	1,50E+3	1,55	11,87	0,05
1,48E+3	1,50E+3	1,56	11,92	0,05
1,48E+3	1,50E+3	1,56	12,01	0,05
1,48E+3	1,50E+3	1,56	11,97	0,05
1,48E+3	1,51E+3	1,56	12,18	0,05
1,48E+3	1,51E+3	1,56	12,27	0,05
1,48E+3	1,51E+3	1,56	12,25	0,05
1,48E+3	1,51E+3	1,56	12,24	0,05
1,49E+3	1,51E+3	1,56	12,19	0,05
1,49E+3	1,51E+3	1,56	12,31	0,05
1,49E+3	1,51E+3	1,56	12,25	0,05
1,49E+3	1,51E+3	1,57	12,20	0,05
1,49E+3	1,51E+3	1,57	12,19	0,05
1,49E+3	1,51E+3	1,57	12,38	0,05
1,49E+3	1,52E+3	1,57	12,23	0,05
1,49E+3	1,52E+3	1,57	12,39	0,06
1,49E+3	1,52E+3	1,57	12,45	0,06
1,49E+3	1,52E+3	1,57	12,47	0,06
1,50E+3	1,52E+3	1,57	12,55	0,06
1,50E+3	1,52E+3	1,57	12,55	0,06
1,50E+3	1,52E+3	1,58	12,50	0,06
1,50E+3	1,52E+3	1,58	12,57	0,06
1,50E+3	1,52E+3	1,58	12,42	0,06
1,50E+3	1,53E+3	1,58	12,54	0,06
1,50E+3	1,53E+3	1,58	12,44	0,06
1,50E+3	1,53E+3	1,58	12,22	0,05
1,50E+3	1,53E+3	1,58	12,11	0,05
1,50E+3	1,53E+3	1,58	12,14	0,05
1,51E+3	1,53E+3	1,58	12,24	0,05
1,51E+3	1,53E+3	1,59	12,24	0,05
1,51E+3	1,53E+3	1,59	12,18	0,05
1,51E+3	1,53E+3	1,59	12,28	0,05
1,51E+3	1,53E+3	1,59	12,42	0,06
1,51E+3	1,54E+3	1,59	12,60	0,06
1,51E+3	1,54E+3	1,59	12,63	0,06
1,51E+3	1,54E+3	1,59	12,56	0,06
1,51E+3	1,54E+3	1,59	12,13	0,05
1,51E+3	1,54E+3	1,59	12,36	0,05
1,52E+3	1,54E+3	1,59	12,22	0,05
1,52E+3	1,54E+3	1,60	12,38	0,05
1,52E+3	1,54E+3	1,60	12,50	0,06
1,52E+3	1,54E+3	1,60	12,39	0,06
1,52E+3	1,55E+3	1,60	12,37	0,05
1,52E+3	1,55E+3	1,60	12,43	0,06
1,52E+3	1,55E+3	1,60	12,31	0,05
1,52E+3	1,55E+3	1,60	12,29	0,05
1,52E+3	1,55E+3	1,60	12,40	0,06
1,52E+3	1,55E+3	1,60	12,42	0,06
1,53E+3	1,55E+3	1,61	12,28	0,05
1,53E+3	1,55E+3	1,61	12,30	0,05
1,53E+3	1,55E+3	1,61	12,14	0,05
1,53E+3	1,55E+3	1,61	12,21	0,05
1,53E+3	1,56E+3	1,61	12,08	0,05
1,53E+3	1,56E+3	1,61	12,19	0,05
1,53E+3	1,56E+3	1,61	12,27	0,05
1,53E+3	1,56E+3	1,61	12,20	0,05
1,53E+3	1,56E+3	1,61	12,37	0,05
1,53E+3	1,56E+3	1,62	12,36	0,05
1,54E+3	1,56E+3	1,62	12,64	0,06
1,54E+3	1,56E+3	1,62	12,49	0,06
1,54E+3	1,56E+3	1,62	12,28	0,05
1,54E+3	1,56E+3	1,62	12,16	0,05
1,54E+3	1,57E+3	1,62	12,22	0,05
1,54E+3	1,57E+3	1,62	12,15	0,05
1,54E+3	1,57E+3	1,62	12,06	0,05
1,54E+3	1,57E+3	1,62	12,01	0,05
1,54E+3	1,57E+3	1,62	12,09	0,05
1,54E+3	1,57E+3	1,63	11,93	0,05
1,55E+3	1,57E+3	1,63	12,10	0,05
1,55E+3	1,57E+3	1,63	12,12	0,05
1,55E+3	1,57E+3	1,63	12,03	0,05
1,55E+3	1,58E+3	1,63	12,05	0,05
1,55E+3	1,58E+3	1,63	12,13	0,05
1,55E+3	1,58E+3	1,63	12,15	0,05
1,55E+3	1,58E+3	1,63	12,20	0,05
1,55E+3	1,58E+3	1,63	12,21	0,05
1,55E+3	1,58E+3	1,64	12,10	0,05
1,55E+3	1,58E+3	1,64	12,26	0,05
1,56E+3	1,58E+3	1,64	12,35	0,05
1,56E+3	1,58E+3	1,64	12,35	0,05
1,56E+3	1,58E+3	1,64	12,14	0,05
1,56E+3	1,59E+3	1,64	12,22	0,05
1,56E+3	1,59E+3	1,64	12,38	0,05
1,56E+3	1,59E+3	1,64	12,30	0,05
1,56E+3	1,59E+3	1,64	12,36	0,05
1,56E+3	1,59E+3	1,65	12,42	0,06
1,56E+3	1,59E+3	1,65	12,49	0,06
1,56E+3	1,59E+3	1,65	12,49	0,06
1,57E+3	1,59E+3	1,65	12,58	0,06
1,57E+3	1,59E+3	1,65	12,40	0,06
1,57E+3	1,59E+3	1,65	12,34	0,05
1,57E+3	1,60E+3	1,65	12,46	0,06
1,57E+3	1,60E+3	1,65	12,33	0,05
1,57E+3	1,60E+3	1,65	12,41	0,06
1,57E+3	1,60E+3	1,65	12,55	0,06
1,57E+3	1,60E+3	1,66	12,55	0,06
1,57E+3	1,60E+3	1,66	12,34	0,05
1,57E+3	1,60E+3	1,66	12,23	0,05
1,58E+3	1,60E+3	1,66	12,57	0,06
1,58E+3	1,60E+3	1,66	12,53	0,06
1,58E+3	1,61E+3	1,66	12,52	0,06
1,58E+3	1,61E+3	1,66	12,47	0,06
1,58E+3	1,61E+3	1,66	12,53	0,06
1,58E+3	1,61E+3	1,66	12,34	0,05
1,58E+3	1,61E+3	1,67	12,48	0,06
1,58E+3	1,61E+3	1,67	12,69	0,06
1,58E+3	1,61E+3	1,67	12,67	0,06
1,58E+3	1,61E+3	1,67	12,61	0,06
1,59E+3	1,61E+3	1,67	12,59	0,06
1,59E+3	1,61E+3	1,67	12,44	0,06
1,59E+3	1,62E+3	1,67	12,37	0,05
1,59E+3	1,62E+3	1,67	12,26	0,05
1,59E+3	1,62E+3	1,67	12,14	0,05
1,59E+3	1,62E+3	1,68	11,98	0,05
1,59E+3	1,62E+3	1,68	12,01	0,05
1,59E+3	1,62E+3	1,68	12,26	0,05
1,59E+3	1,62E+3	1,68	12,39	0,06
1,59E+3	1,62E+3	1,68	12,49	0,06
1,60E+3	1,62E+3	1,68	12,54	0,06
1,60E+3	1,63E+3	1,68	12,65	0,06
1,60E+3	1,63E+3	1,68	12,65	0,06
1,60E+3	1,63E+3	1,68	12,61	0,06
1,60E+3	1,63E+3	1,69	12,65	0,06
1,60E+3	1,63E+3	1,69	12,54	0,06
1,60E+3	1,63E+3	1,69	12,56	0,06
1,60E+3	1,63E+3	1,69	12,50	0,06
1,60E+3	1,63E+3	1,69	12,23	0,05
1,60E+3	1,63E+3	1,69	11,98	0,05
1,61E+3	1,63E+3	1,69	12,44	0,06
1,61E+3	1,64E+3	1,69	12,33	0,05
1,61E+3	1,64E+3	1,69	12,38	0,05
1,61E+3	1,64E+3	1,70	12,22	0,05
1,61E+3	1,64E+3	1,70	12,40	0,06
1,61E+3	1,64E+3	1,70	12,34	0,05
1,61E+3	1,64E+3	1,70	12,30	0,05
1,61E+3	1,64E+3	1,70	12,08	0,05
1,61E+3	1,64E+3	1,70	12,27	0,05
1,61E+3	1,64E+3	1,70	12,33	0,05
1,62E+3	1,64E+3	1,70	12,37	0,05
1,62E+3	1,65E+3	1,70	12,33	0,05
1,62E+3	1,65E+3	1,70	12,52	0,06
1,62E+3	1,65E+3	1,71	12,28	0,05
1,62E+3	1,65E+3	1,71	12,25	0,05
1,62E+3	1,65E+3	1,71	12,41	0,06
1,62E+3	1,65E+3	1,71	12,19	0,05
1,62E+3	1,65E+3	1,71	12,31	0,05
1,62E+3	1,65E+3	1,71	12,41	0,06
1,62E+3	1,65E+3	1,71	12,24	0,05
1,63E+3	1,66E+3	1,71	12,29	0,05
1,63E+3	1,66E+3	1,71	12,38	0,05
1,63E+3	1,66E+3	1,72	12,33	0,05
1,63E+3	1,66E+3	1,72	12,40	0,06
1,63E+3	1,66E+3	1,72	12,21	0,05
1,63E+3	1,66E+3	1,72	12,28	0,05
1,63E+3	1,66E+3	1,72	12,21	0,05
1,63E+3	1,66E+3	1,72	12,16	0,05
1,63E+3	1,66E+3	1,72	12,35	0,05
1,63E+3	1,66E+3	1,72	12,45	0,06
1,64E+3	1,67E+3	1,72	12,54	0,06
1,64E+3	1,67E+3	1,73	12,56	0,06
1,64E+3	1,67E+3	1,73	12,29	0,05
1,64E+3	1,67E+3	1,73	12,12	0,05
1,64E+3	1,67E+3	1,73	12,23	0,05
1,64E+3	1,67E+3	1,73	12,18	0,05
1,64E+3	1,67E+3	1,73	12,39	0,06
1,64E+3	1,67E+3	1,73	12,40	0,06
1,64E+3	1,67E+3	1,73	12,43	0,06
1,64E+3	1,68E+3	1,73	12,44	0,06
1,65E+3	1,68E+3	1,74	12,36	0,05
1,65E+3	1,68E+3	1,74	12,45	0,06
1,65E+3	1,68E+3	1,74	12,46	0,06
1,65E+3	1,68E+3	1,74	12,45	0,06
1,65E+3	1,68E+3	1,74	12,25	0,05
1,65E+3	1,68E+3	1,74	12,31	0,05
1,65E+3	1,68E+3	1,74	12,29	0,05
1,65E+3	1,68E+3	1,74	12,30	0,05
1,65E+3	1,68E+3	1,74	12,26	0,05
1,65E+3	1,69E+3	1,74	12,30	0,05
1,66E+3	1,69E+3	1,75	12,53	0,06
1,66E+3	1,69E+3	1,75	12,52	0,06
1,66E+3	1,69E+3	1,75	12,67	0,06
1,66E+3	1,69E+3	1,75	12,70	0,06
1,66E+3	1,69E+3	1,75	12,59	0,06
1,66E+3	1,69E+3	1,75	12,64	0,06
1,66E+3	1,69E+3	1,75	12,75	0,06
1,66E+3	1,69E+3	1,75	12,75	0,06
1,66E+3	1,70E+3	1,75	12,73	0,06
1,66E+3	1,70E+3	1,76	12,79	0,06
1,67E+3	1,70E+3	1,76	12,85	0,06
1,67E+3	1,70E+3	1,76	12,82	0,06
1,67E+3	1,70E+3	1,76	12,62	0,06
1,67E+3	1,70E+3	1,76	12,76	0,06
1,67E+3	1,70E+3	1,76	12,76	0,06
1,67E+3	1,70E+3	1,76	12,77	0,06
1,67E+3	1,70E+3	1,76	12,85	0,06
1,67E+3	1,70E+3	1,76	12,70	0,06
1,67E+3	1,71E+3	1,77	12,55	0,06
1,67E+3	1,71E+3	1,77	12,68	0,06
1,68E+3	1,71E+3	1,77	12,52	0,06
1,68E+3	1,71E+3	1,77	12,41	0,06
1,68E+3	1,71E+3	1,77	12,43	0,06
1,68E+3	1,71E+3	1,77	12,51	0,06
1,68E+3	1,71E+3	1,77	12,44	0,06
1,68E+3	1,71E+3	1,77	12,44	0,06
1,68E+3	1,71E+3	1,77	12,36	0,05
1,68E+3	1,72E+3	1,78	12,40	0,06
1,68E+3	1,72E+3	1,78	12,55	0,06
1,68E+3	1,72E+3	1,78	12,63	0,06
1,69E+3	1,72E+3	1,78	12,55	0,06
1,69E+3	1,72E+3	1,78	12,63	0,06
1,69E+3	1,72E+3	1,78	12,63	0,06
1,69E+3	1,72E+3	1,78	12,63	0,06
1,69E+3	1,72E+3	1,78	12,54	0,06
1,69E+3	1,72E+3	1,78	12,48	0,06
1,69E+3	1,72E+3	1,78	12,33	0,05
1,69E+3	1,73E+3	1,79	12,28	0,05
1,69E+3	1,73E+3	1,79	12,47	0,06
1,69E+3	1,73E+3	1,79	12,51	0,06
1,70E+3	1,73E+3	1,79	12,43	0,06
1,70E+3	1,73E+3	1,79	12,17	0,05
1,70E+3	1,73E+3	1,79	12,49	0,06
1,70E+3	1,73E+3	1,79	12,42	0,06
1,70E+3	1,73E+3	1,79	12,47	0,06
1,70E+3	1,73E+3	1,79	12,49	0,06
1,70E+3	1,73E+3	1,80	12,74	0,06
1,70E+3	1,74E+3	1,80	12,97	0,06
1,70E+3	1,74E+3	1,80	13,02	0,06
1,70E+3	1,74E+3	1,80	12,84	0,06
1,71E+3	1,74E+3	1,80	12,66	0,06
1,71E+3	1,74E+3	1,80	12,38	0,05
1,71E+3	1,74E+3	1,80	12,56	0,06
1,71E+3	1,74E+3	1,80	12,59	0,06
1,71E+3	1,74E+3	1,80	12,52	0,06
1,71E+3	1,74E+3	1,81	12,67	0,06
1,71E+3	1,75E+3	1,81	12,68	0,06
1,71E+3	1,75E+3	1,81	12,61	0,06
1,71E+3	1,75E+3	1,81	12,74	0,06
1,71E+3	1,75E+3	1,81	12,61	0,06
1,72E+3	1,75E+3	1,81	12,62	0,06
1,72E+3	1,75E+3	1,81	12,80	0,06
1,72E+3	1,75E+3	1,81	12,76	0,06
1,72E+3	1,75E+3	1,81	12,51	0,06
1,72E+3	1,75E+3	1,82	12,36	0,05
1,72E+3	1,75E+3	1,82	12,31	0,05
1,72E+3	1,76E+3	1,82	12,40	0,06
1,72E+3	1,76E+3	1,82	12,49	0,06
1,72E+3	1,76E+3	1,82	12,46	0,06
1,72E+3	1,76E+3	1,82	12,34	0,05
1,73E+3	1,76E+3	1,82	12,56	0,06
1,73E+3	1,76E+3	1,82	12,65	0,06
1,73E+3	1,76E+3	1,82	12,78	0,06
1,73E+3	1,76E+3	1,82	12,60	0,06
1,73E+3	1,76E+3	1,83	12,66	0,06
1,73E+3	1,77E+3	1,83	12,86	0,06
1,73E+3	1,77E+3	1,83	12,75	0,06
1,73E+3	1,77E+3	1,83	12,67	0,06
1,73E+3	1,77E+3	1,83	12,31	0,05
1,73E+3	1,77E+3	1,83	12,32	0,05
1,74E+3	1,77E+3	1,83	12,38	0,05
1,74E+3	1,77E+3	1,83	12,38	0,05
1,74E+3	1,77E+3	1,83	12,59	0,06
1,74E+3	1,77E+3	1,84	12,57	0,06
1,74E+3	1,77E+3	1,84	12,55	0,06
1,74E+3	1,78E+3	1,84	12,61	0,06
1,74E+3	1,78E+3	1,84	12,61	0,06
1,74E+3	1,78E+3	1,84	12,63	0,06
1,74E+3	1,78E+3	1,84	12,51	0,06
1,74E+3	1,78E+3	1,84	12,51	0,06
1,75E+3	1,78E+3	1,84	12,41	0,06
1,75E+3	1,78E+3	1,84	12,27	0,05
1,75E+3	1,78E+3	1,85	12,24	0,05
1,75E+3	1,78E+3	1,85	12,26	0,05
1,75E+3	1,79E+3	1,85	12,36	0,05
1,75E+3	1,79E+3	1,85	12,46	0,06
1,75E+3	1,79E+3	1,85	12,51	0,06
1,75E+3	1,79E+3	1,85	12,69	0,06
1,75E+3	1,79E+3	1,85	12,77	0,06
1,75E+3	1,79E+3	1,85	12,65	0,06
1,76E+3	1,79E+3	1,85	12,69	0,06
1,76E+3	1,79E+3	1,86	12,54	0,06
1,76E+3	1,79E+3	1,86	12,63	0,06
1,76E+3	1,79E+3	1,86	12,45	0,06
1,76E+3	1,80E+3	1,86	12,33	0,05
1,76E+3	1,80E+3	1,86	12,44	0,06
1,76E+3	1,80E+3	1,86	12,63	0,06
1,76E+3	1,80E+3	1,86	12,60	0,06
1,76E+3	1,80E+3	1,86	12,75	0,06
1,76E+3	1,80E+3	1,86	12,62	0,06
1,77E+3	1,80E+3	1,87	12,72	0,06
1,77E+3	1,80E+3	1,87	12,79	0,06
1,77E+3	1,80E+3	1,87	12,82	0,06
1,77E+3	1,81E+3	1,87	12,89	0,06
1,77E+3	1,81E+3	1,87	12,83	0,06
1,77E+3	1,81E+3	1,87	12,76	0,06
1,77E+3	1,81E+3	1,87	12,72	0,06
1,77E+3	1,81E+3	1,87	12,73	0,06
1,77E+3	1,81E+3	1,87	12,68	0,06
1,77E+3	1,81E+3	1,87	12,64	0,06
1,78E+3	1,81E+3	1,88	12,45	0,06
1,78E+3	1,81E+3	1,88	12,64	0,06
1,78E+3	1,81E+3	1,88	12,67	0,06
1,78E+3	1,82E+3	1,88	12,78	0,06
1,78E+3	1,82E+3	1,88	12,86	0,06
1,78E+3	1,82E+3	1,88	12,82	0,06
1,78E+3	1,82E+3	1,88	12,89	0,06
1,78E+3	1,82E+3	1,88	12,84	0,06
1,78E+3	1,82E+3	1,88	12,90	0,06
1,78E+3	1,82E+3	1,89	12,86	0,06
1,79E+3	1,82E+3	1,89	12,60	0,06
1,79E+3	1,82E+3	1,89	12,60	0,06
1,79E+3	1,82E+3	1,89	12,60	0,06
1,79E+3	1,83E+3	1,89	12,77	0,06
1,79E+3	1,83E+3	1,89	12,78	0,06
1,79E+3	1,83E+3	1,89	12,70	0,06
1,79E+3	1,83E+3	1,89	12,51	0,06
1,79E+3	1,83E+3	1,89	12,63	0,06
1,79E+3	1,83E+3	1,89	12,62	0,06
1,79E+3	1,83E+3	1,90	12,58	0,06
1,80E+3	1,83E+3	1,90	12,78	0,06
1,80E+3	1,83E+3	1,90	12,76	0,06
1,80E+3	1,84E+3	1,90	12,80	0,06
1,80E+3	1,84E+3	1,90	12,70	0,06
1,80E+3	1,84E+3	1,90	12,82	0,06
1,80E+3	1,84E+3	1,90	12,77	0,06
1,80E+3	1,84E+3	1,90	12,66	0,06
1,80E+3	1,84E+3	1,90	12,36	0,05
1,80E+3	1,84E+3	1,91	12,48	0,06
1,80E+3	1,84E+3	1,91	12,58	0,06
1,81E+3	1,84E+3	1,91	12,76	0,06
1,81E+3	1,84E+3	1,91	12,87	0,06
1,81E+3	1,85E+3	1,91	12,74	0,06
1,81E+3	1,85E+3	1,91	12,63	0,06
1,81E+3	1,85E+3	1,91	12,49	0,06
1,81E+3	1,85E+3	1,91	12,51	0,06
1,81E+3	1,85E+3	1,91	12,32	0,05
1,81E+3	1,85E+3	1,92	12,42	0,06
1,81E+3	1,85E+3	1,92	12,68	0,06
1,81E+3	1,85E+3	1,92	12,56	0,06
1,82E+3	1,85E+3	1,92	12,58	0,06
1,82E+3	1,86E+3	1,92	12,66	0,06
1,82E+3	1,86E+3	1,92	12,71	0,06
1,82E+3	1,86E+3	1,92	12,67	0,06
1,82E+3	1,86E+3	1,92	12,52	0,06
1,82E+3	1,86E+3	1,92	12,55	0,06
1,82E+3	1,86E+3	1,93	12,58	0,06
1,82E+3	1,86E+3	1,93	12,63	0,06
1,82E+3	1,86E+3	1,93	12,85	0,06
1,82E+3	1,86E+3	1,93	12,76	0,06
1,83E+3	1,86E+3	1,93	12,94	0,06
1,83E+3	1,87E+3	1,93	12,95	0,06
1,83E+3	1,87E+3	1,93	13,06	0,06
1,83E+3	1,87E+3	1,93	13,05	0,06
1,83E+3	1,87E+3	1,93	12,93	0,06
1,83E+3	1,87E+3	1,93	12,84	0,06
1,83E+3	1,87E+3	1,94	12,83	0,06
1,83E+3	1,87E+3	1,94	12,78	0,06
1,83E+3	1,87E+3	1,94	12,94	0,06
1,83E+3	1,87E+3	1,94	12,67	0,06
1,84E+3	1,87E+3	1,94	12,86	0,06
1,84E+3	1,88E+3	1,94	12,69	0,06
1,84E+3	1,88E+3	1,94	12,62	0,06
1,84E+3	1,88E+3	1,94	12,59	0,06
1,84E+3	1,88E+3	1,94	12,78	0,06
1,84E+3	1,88E+3	1,95	12,58	0,06
1,84E+3	1,88E+3	1,95	12,49	0,06
1,84E+3	1,88E+3	1,95	12,59	0,06
1,84E+3	1,88E+3	1,95	12,70	0,06
1,84E+3	1,88E+3	1,95	12,78	0,06
1,85E+3	1,89E+3	1,95	12,68	0,06
1,85E+3	1,89E+3	1,95	12,74	0,06
1,85E+3	1,89E+3	1,95	12,73	0,06
1,85E+3	1,89E+3	1,95	12,74	0,06
1,85E+3	1,89E+3	1,96	12,85	0,06
1,85E+3	1,89E+3	1,96	12,79	0,06
1,85E+3	1,89E+3	1,96	12,70	0,06
1,85E+3	1,89E+3	1,96	12,75	0,06
1,85E+3	1,89E+3	1,96	12,86	0,06
1,85E+3	1,89E+3	1,96	12,98	0,06
1,86E+3	1,90E+3	1,96	13,01	0,06
1,86E+3	1,90E+3	1,96	12,80	0,06
1,86E+3	1,90E+3	1,96	12,77	0,06
1,86E+3	1,90E+3	1,96	12,75	0,06
1,86E+3	1,90E+3	1,97	12,62	0,06
1,86E+3	1,90E+3	1,97	12,73	0,06
1,86E+3	1,90E+3	1,97	12,63	0,06
1,86E+3	1,90E+3	1,97	12,67	0,06
1,86E+3	1,90E+3	1,97	12,88	0,06
1,86E+3	1,90E+3	1,97	12,80	0,06
1,87E+3	1,91E+3	1,97	12,71	0,06
1,87E+3	1,91E+3	1,97	12,78	0,06
1,87E+3	1,91E+3	1,97	12,64	0,06
1,87E+3	1,91E+3	1,98	12,75	0,06
1,87E+3	1,91E+3	1,98	12,84	0,06
1,87E+3	1,91E+3	1,98	12,77	0,06
1,87E+3	1,91E+3	1,98	12,80	0,06
1,87E+3	1,91E+3	1,98	12,73	0,06
1,87E+3	1,91E+3	1,98	12,88	0,06
1,87E+3	1,92E+3	1,98	12,76	0,06
1,88E+3	1,92E+3	1,98	12,90	0,06
1,88E+3	1,92E+3	1,98	12,80	0,06
1,88E+3	1,92E+3	1,99	12,82	0,06
1,88E+3	1,92E+3	1,99	12,72	0,06
1,88E+3	1,92E+3	1,99	12,71	0,06
1,88E+3	1,92E+3	1,99	12,61	0,06
1,88E+3	1,92E+3	1,99	12,75	0,06
1,88E+3	1,92E+3	1,99	12,71	0,06
1,88E+3	1,92E+3	1,99	12,71	0,06
1,88E+3	1,93E+3	1,99	12,88	0,06
1,89E+3	1,93E+3	1,99	12,75	0,06
1,89E+3	1,93E+3	2,00	12,82	0,06
1,89E+3	1,93E+3	2,00	12,80	0,06
1,89E+3	1,93E+3	2,00	12,89	0,06
1,89E+3	1,93E+3	2,00	12,85	0,06
1,89E+3	1,93E+3	2,00	12,68	0,06
1,89E+3	1,93E+3	2,00	12,77	0,06
1,89E+3	1,93E+3	2,00	12,59	0,06
1,89E+3	1,93E+3	2,00	12,81	0,06
1,89E+3	1,94E+3	2,00	12,71	0,06
1,90E+3	1,94E+3	2,00	12,72	0,06
1,90E+3	1,94E+3	2,01	12,80	0,06
1,90E+3	1,94E+3	2,01	12,93	0,06
1,90E+3	1,94E+3	2,01	12,81	0,06
1,90E+3	1,94E+3	2,01	12,70	0,06
1,90E+3	1,94E+3	2,01	12,47	0,06
1,90E+3	1,94E+3	2,01	12,59	0,06
1,90E+3	1,94E+3	2,01	12,58	0,06
1,90E+3	1,95E+3	2,01	12,52	0,06
1,90E+3	1,95E+3	2,01	12,64	0,06
1,91E+3	1,95E+3	2,02	12,64	0,06
1,91E+3	1,95E+3	2,02	12,74	0,06
1,91E+3	1,95E+3	2,02	12,61	0,06
1,91E+3	1,95E+3	2,02	12,47	0,06
1,91E+3	1,95E+3	2,02	12,47	0,06
1,91E+3	1,95E+3	2,02	12,59	0,06
1,91E+3	1,95E+3	2,02	12,64	0,06
1,91E+3	1,95E+3	2,02	12,61	0,06
1,91E+3	1,96E+3	2,02	12,68	0,06
1,91E+3	1,96E+3	2,02	12,71	0,06
1,92E+3	1,96E+3	2,03	12,65	0,06
1,92E+3	1,96E+3	2,03	12,49	0,06
1,92E+3	1,96E+3	2,03	12,33	0,05
1,92E+3	1,96E+3	2,03	12,42	0,06
1,92E+3	1,96E+3	2,03	12,40	0,06
1,92E+3	1,96E+3	2,03	12,56	0,06
1,92E+3	1,96E+3	2,03	12,66	0,06
1,92E+3	1,96E+3	2,03	12,84	0,06
1,92E+3	1,97E+3	2,03	12,75	0,06
1,92E+3	1,97E+3	2,04	12,65	0,06
1,93E+3	1,97E+3	2,04	12,56	0,06
1,93E+3	1,97E+3	2,04	12,34	0,05
1,93E+3	1,97E+3	2,04	12,57	0,06
1,93E+3	1,97E+3	2,04	12,72	0,06
1,93E+3	1,97E+3	2,04	12,91	0,06
1,93E+3	1,97E+3	2,04	12,91	0,06
1,93E+3	1,97E+3	2,04	12,71	0,06
1,93E+3	1,98E+3	2,04	12,45	0,06
1,93E+3	1,98E+3	2,05	12,59	0,06
1,93E+3	1,98E+3	2,05	12,73	0,06
1,94E+3	1,98E+3	2,05	12,76	0,06
1,94E+3	1,98E+3	2,05	12,60	0,06
1,94E+3	1,98E+3	2,05	12,74	0,06
1,94E+3	1,98E+3	2,05	12,43	0,06
1,94E+3	1,98E+3	2,05	12,43	0,06
1,94E+3	1,98E+3	2,05	12,48	0,06
1,94E+3	1,98E+3	2,05	12,45	0,06
1,94E+3	1,99E+3	2,06	12,56	0,06
1,94E+3	1,99E+3	2,06	12,93	0,06
1,94E+3	1,99E+3	2,06	12,83	0,06
1,95E+3	1,99E+3	2,06	12,89	0,06
1,95E+3	1,99E+3	2,06	12,89	0,06
1,95E+3	1,99E+3	2,06	12,94	0,06
1,95E+3	1,99E+3	2,06	12,90	0,06
1,95E+3	1,99E+3	2,06	12,63	0,06
1,95E+3	1,99E+3	2,06	12,78	0,06
1,95E+3	2,00E+3	2,06	12,66	0,06
1,95E+3	2,00E+3	2,07	12,80	0,06
1,95E+3	2,00E+3	2,07	12,74	0,06
1,95E+3	2,00E+3	2,07	12,75	0,06
1,96E+3	2,00E+3	2,07	12,65	0,06
1,96E+3	2,00E+3	2,07	12,68	0,06
1,96E+3	2,00E+3	2,07	12,59	0,06
1,96E+3	2,00E+3	2,07	12,73	0,06
1,96E+3	2,00E+3	2,07	12,48	0,06
1,96E+3	2,00E+3	2,07	12,40	0,06
1,96E+3	2,01E+3	2,08	12,44	0,06
1,96E+3	2,01E+3	2,08	12,51	0,06
1,96E+3	2,01E+3	2,08	12,49	0,06
1,96E+3	2,01E+3	2,08	12,52	0,06
1,97E+3	2,01E+3	2,08	12,46	0,06
1,97E+3	2,01E+3	2,08	12,51	0,06
1,97E+3	2,01E+3	2,08	12,60	0,06
1,97E+3	2,01E+3	2,08	12,75	0,06
1,97E+3	2,01E+3	2,08	12,73	0,06
1,97E+3	2,01E+3	2,09	12,58	0,06
1,97E+3	2,02E+3	2,09	12,70	0,06
1,97E+3	2,02E+3	2,09	12,59	0,06
1,97E+3	2,02E+3	2,09	12,59	0,06
1,97E+3	2,02E+3	2,09	12,66	0,06
1,98E+3	2,02E+3	2,09	12,59	0,06
1,98E+3	2,02E+3	2,09	12,72	0,06
1,98E+3	2,02E+3	2,09	12,90	0,06
1,98E+3	2,02E+3	2,09	12,87	0,06
1,98E+3	2,02E+3	2,10	12,85	0,06
1,98E+3	2,03E+3	2,10	12,70	0,06
1,98E+3	2,03E+3	2,10	12,66	0,06
1,98E+3	2,03E+3	2,10	12,51	0,06
1,98E+3	2,03E+3	2,10	12,52	0,06
1,98E+3	2,03E+3	2,10	12,48	0,06
1,99E+3	2,03E+3	2,10	12,31	0,05
1,99E+3	2,03E+3	2,10	12,34	0,05
1,99E+3	2,03E+3	2,10	12,49	0,06
1,99E+3	2,03E+3	2,10	12,36	0,05
1,99E+3	2,03E+3	2,11	12,35	0,05
1,99E+3	2,04E+3	2,11	12,47	0,06
1,99E+3	2,04E+3	2,11	12,39	0,06
1,99E+3	2,04E+3	2,11	12,36	0,05
1,99E+3	2,04E+3	2,11	12,51	0,06
1,99E+3	2,04E+3	2,11	12,42	0,06
2,00E+3	2,04E+3	2,11	12,63	0,06
2,00E+3	2,04E+3	2,11	12,53	0,06
2,00E+3	2,04E+3	2,11	12,80	0,06
2,00E+3	2,04E+3	2,12	12,57	0,06
2,00E+3	2,05E+3	2,12	12,52	0,06
2,00E+3	2,05E+3	2,12	12,51	0,06
2,00E+3	2,05E+3	2,12	12,43	0,06
2,00E+3	2,05E+3	2,12	12,55	0,06
2,00E+3	2,05E+3	2,12	12,51	0,06
2,00E+3	2,05E+3	2,12	12,75	0,06
2,01E+3	2,05E+3	2,12	12,66	0,06
2,01E+3	2,05E+3	2,12	12,81	0,06
2,01E+3	2,05E+3	2,13	12,52	0,06
2,01E+3	2,05E+3	2,13	12,45	0,06
2,01E+3	2,06E+3	2,13	12,49	0,06
2,01E+3	2,06E+3	2,13	12,51	0,06
2,01E+3	2,06E+3	2,13	12,29	0,05
2,01E+3	2,06E+3	2,13	12,20	0,05
2,01E+3	2,06E+3	2,13	12,30	0,05
2,01E+3	2,06E+3	2,13	12,43	0,06
2,02E+3	2,06E+3	2,13	12,47	0,06
2,02E+3	2,06E+3	2,13	12,46	0,06
2,02E+3	2,06E+3	2,14	12,54	0,06
2,02E+3	2,06E+3	2,14	12,54	0,06
2,02E+3	2,07E+3	2,14	12,48	0,06
2,02E+3	2,07E+3	2,14	12,57	0,06
2,02E+3	2,07E+3	2,14	12,55	0,06
2,02E+3	2,07E+3	2,14	12,71	0,06
2,02E+3	2,07E+3	2,14	12,58	0,06
2,02E+3	2,07E+3	2,14	12,39	0,06
2,03E+3	2,07E+3	2,14	12,62	0,06
2,03E+3	2,07E+3	2,15	12,45	0,06
2,03E+3	2,07E+3	2,15	12,28	0,05
2,03E+3	2,07E+3	2,15	12,36	0,05
2,03E+3	2,08E+3	2,15	12,39	0,06
2,03E+3	2,08E+3	2,15	12,30	0,05
2,03E+3	2,08E+3	2,15	12,28	0,05
2,03E+3	2,08E+3	2,15	12,57	0,06
2,03E+3	2,08E+3	2,15	12,73	0,06
2,03E+3	2,08E+3	2,15	12,66	0,06
2,04E+3	2,08E+3	2,15	12,56	0,06
2,04E+3	2,08E+3	2,16	12,44	0,06
2,04E+3	2,08E+3	2,16	12,36	0,05
2,04E+3	2,08E+3	2,16	12,16	0,05
2,04E+3	2,09E+3	2,16	12,26	0,05
2,04E+3	2,09E+3	2,16	12,02	0,05
2,04E+3	2,09E+3	2,16	12,14	0,05
2,04E+3	2,09E+3	2,16	12,34	0,05
2,04E+3	2,09E+3	2,16	12,44	0,06
2,04E+3	2,09E+3	2,16	12,44	0,06
2,05E+3	2,09E+3	2,16	12,62	0,06
2,05E+3	2,09E+3	2,17	12,51	0,06
2,05E+3	2,09E+3	2,17	12,46	0,06
2,05E+3	2,09E+3	2,17	12,53	0,06
2,05E+3	2,10E+3	2,17	12,70	0,06
2,05E+3	2,10E+3	2,17	12,50	0,06
2,05E+3	2,10E+3	2,17	12,50	0,06
2,05E+3	2,10E+3	2,17	12,41	0,06
2,05E+3	2,10E+3	2,17	12,40	0,06
2,05E+3	2,10E+3	2,17	12,49	0,06
2,06E+3	2,10E+3	2,18	12,25	0,05
2,06E+3	2,10E+3	2,18	12,24	0,05
2,06E+3	2,10E+3	2,18	12,40	0,06
2,06E+3	2,10E+3	2,18	12,38	0,05
2,06E+3	2,11E+3	2,18	12,23	0,05
2,06E+3	2,11E+3	2,18	12,27	0,05
2,06E+3	2,11E+3	2,18	12,34	0,05
2,06E+3	2,11E+3	2,18	12,42	0,06
2,06E+3	2,11E+3	2,18	12,50	0,06
2,06E+3	2,11E+3	2,18	12,43	0,06
2,07E+3	2,11E+3	2,19	12,41	0,06
2,07E+3	2,11E+3	2,19	12,59	0,06
2,07E+3	2,11E+3	2,19	12,29	0,05
2,07E+3	2,11E+3	2,19	12,25	0,05
2,07E+3	2,12E+3	2,19	12,29	0,05
2,07E+3	2,12E+3	2,19	12,28	0,05
2,07E+3	2,12E+3	2,19	12,30	0,05
2,07E+3	2,12E+3	2,19	12,20	0,05
2,07E+3	2,12E+3	2,19	12,21	0,05
2,07E+3	2,12E+3	2,19	12,28	0,05
2,08E+3	2,12E+3	2,20	12,25	0,05
2,08E+3	2,12E+3	2,20	12,43	0,06
2,08E+3	2,12E+3	2,20	12,33	0,05
2,08E+3	2,12E+3	2,20	12,44	0,06
2,08E+3	2,13E+3	2,20	12,48	0,06
2,08E+3	2,13E+3	2,20	12,35	0,05
2,08E+3	2,13E+3	2,20	12,40	0,06
2,08E+3	2,13E+3	2,20	12,39	0,06
2,08E+3	2,13E+3	2,20	12,30	0,05
2,08E+3	2,13E+3	2,21	12,32	0,05
2,09E+3	2,13E+3	2,21	12,16	0,05
2,09E+3	2,13E+3	2,21	12,08	0,05
2,09E+3	2,13E+3	2,21	12,20	0,05
2,09E+3	2,13E+3	2,21	12,21	0,05
2,09E+3	2,14E+3	2,21	12,25	0,05
2,09E+3	2,14E+3	2,21	12,09	0,05
2,09E+3	2,14E+3	2,21	12,28	0,05
2,09E+3	2,14E+3	2,21	11,95	0,05
2,09E+3	2,14E+3	2,21	12,05	0,05
2,09E+3	2,14E+3	2,22	11,91	0,05
2,10E+3	2,14E+3	2,22	12,03	0,05
2,10E+3	2,14E+3	2,22	12,11	0,05
2,10E+3	2,14E+3	2,22	11,91	0,05
2,10E+3	2,14E+3	2,22	11,85	0,05
2,10E+3	2,15E+3	2,22	11,94	0,05
2,10E+3	2,15E+3	2,22	11,99	0,05
2,10E+3	2,15E+3	2,22	12,01	0,05
2,10E+3	2,15E+3	2,22	12,10	0,05
2,10E+3	2,15E+3	2,22	12,17	0,05
2,10E+3	2,15E+3	2,23	11,90	0,05
2,11E+3	2,15E+3	2,23	12,11	0,05
2,11E+3	2,15E+3	2,23	12,10	0,05
2,11E+3	2,15E+3	2,23	11,80	0,05
2,11E+3	2,15E+3	2,23	11,89	0,05
2,11E+3	2,16E+3	2,23	11,90	0,05
2,11E+3	2,16E+3	2,23	11,89	0,05
2,11E+3	2,16E+3	2,23	11,78	0,05
2,11E+3	2,16E+3	2,23	11,84	0,05
2,11E+3	2,16E+3	2,24	11,85	0,05
2,11E+3	2,16E+3	2,24	11,92	0,05
2,12E+3	2,16E+3	2,24	11,84	0,05
2,12E+3	2,16E+3	2,24	11,89	0,05
2,12E+3	2,16E+3	2,24	12,06	0,05
2,12E+3	2,16E+3	2,24	12,10	0,05
2,12E+3	2,17E+3	2,24	12,18	0,05
2,12E+3	2,17E+3	2,24	12,12	0,05
2,12E+3	2,17E+3	2,24	12,29	0,05
2,12E+3	2,17E+3	2,24	12,31	0,05
2,12E+3	2,17E+3	2,25	12,19	0,05
2,12E+3	2,17E+3	2,25	12,15	0,05
2,13E+3	2,17E+3	2,25	11,90	0,05
2,13E+3	2,17E+3	2,25	12,12	0,05
2,13E+3	2,17E+3	2,25	12,06	0,05
2,13E+3	2,17E+3	2,25	11,89	0,05
2,13E+3	2,18E+3	2,25	11,95	0,05
2,13E+3	2,18E+3	2,25	11,94	0,05
2,13E+3	2,18E+3	2,25	11,76	0,05
2,13E+3	2,18E+3	2,25	11,82	0,05
2,13E+3	2,18E+3	2,26	11,74	0,05
2,13E+3	2,18E+3	2,26	11,56	0,05
2,14E+3	2,18E+3	2,26	11,63	0,05
2,14E+3	2,18E+3	2,26	11,65	0,05
2,14E+3	2,18E+3	2,26	11,63	0,05
2,14E+3	2,18E+3	2,26	11,56	0,05
2,14E+3	2,19E+3	2,26	11,69	0,05
2,14E+3	2,19E+3	2,26	11,59	0,05
2,14E+3	2,19E+3	2,26	11,59	0,05
2,14E+3	2,19E+3	2,27	11,68	0,05
2,14E+3	2,19E+3	2,27	11,93	0,05
2,14E+3	2,19E+3	2,27	11,89	0,05
2,15E+3	2,19E+3	2,27	11,82	0,05
2,15E+3	2,19E+3	2,27	11,90	0,05
2,15E+3	2,19E+3	2,27	11,93	0,05
2,15E+3	2,19E+3	2,27	11,85	0,05
2,15E+3	2,20E+3	2,27	11,78	0,05
2,15E+3	2,20E+3	2,27	11,80	0,05
2,15E+3	2,20E+3	2,27	11,87	0,05
2,15E+3	2,20E+3	2,28	11,98	0,05
2,15E+3	2,20E+3	2,28	11,96	0,05
2,15E+3	2,20E+3	2,28	11,98	0,05
2,16E+3	2,20E+3	2,28	12,13	0,05
2,16E+3	2,20E+3	2,28	12,16	0,05
2,16E+3	2,20E+3	2,28	11,96	0,05
2,16E+3	2,20E+3	2,28	11,83	0,05
2,16E+3	2,21E+3	2,28	11,75	0,05
2,16E+3	2,21E+3	2,28	11,89	0,05
2,16E+3	2,21E+3	2,28	11,63	0,05
2,16E+3	2,21E+3	2,29	11,79	0,05
2,16E+3	2,21E+3	2,29	11,53	0,05
2,16E+3	2,21E+3	2,29	11,68	0,05
2,17E+3	2,21E+3	2,29	11,64	0,05
2,17E+3	2,21E+3	2,29	11,63	0,05
2,17E+3	2,21E+3	2,29	11,64	0,05
2,17E+3	2,21E+3	2,29	11,48	0,05
2,17E+3	2,22E+3	2,29	11,68	0,05
2,17E+3	2,22E+3	2,29	11,78	0,05
2,17E+3	2,22E+3	2,30	11,88	0,05
2,17E+3	2,22E+3	2,30	11,83	0,05
2,17E+3	2,22E+3	2,30	12,01	0,05
2,17E+3	2,22E+3	2,30	11,84	0,05
2,18E+3	2,22E+3	2,30	11,59	0,05
2,18E+3	2,22E+3	2,30	11,73	0,05
2,18E+3	2,22E+3	2,30	11,66	0,05
2,18E+3	2,22E+3	2,30	11,40	0,05
2,18E+3	2,23E+3	2,30	11,60	0,05
2,18E+3	2,23E+3	2,30	11,63	0,05
2,18E+3	2,23E+3	2,31	11,57	0,05
2,18E+3	2,23E+3	2,31	11,59	0,05
2,18E+3	2,23E+3	2,31	11,54	0,05
2,18E+3	2,23E+3	2,31	11,72	0,05
2,19E+3	2,23E+3	2,31	11,58	0,05
2,19E+3	2,23E+3	2,31	11,52	0,05
2,19E+3	2,23E+3	2,31	11,53	0,05
2,19E+3	2,23E+3	2,31	11,49	0,05
2,19E+3	2,24E+3	2,31	11,53	0,05
2,19E+3	2,24E+3	2,31	11,57	0,05
2,19E+3	2,24E+3	2,32	11,43	0,05
2,19E+3	2,24E+3	2,32	11,33	0,05
2,19E+3	2,24E+3	2,32	11,42	0,05
2,19E+3	2,24E+3	2,32	11,55	0,05
2,20E+3	2,24E+3	2,32	11,36	0,05
2,20E+3	2,24E+3	2,32	11,61	0,05
2,20E+3	2,24E+3	2,32	11,68	0,05
2,20E+3	2,24E+3	2,32	11,65	0,05
2,20E+3	2,25E+3	2,32	11,83	0,05
2,20E+3	2,25E+3	2,33	11,83	0,05
2,20E+3	2,25E+3	2,33	11,74	0,05
2,20E+3	2,25E+3	2,33	11,79	0,05
2,20E+3	2,25E+3	2,33	11,81	0,05
2,20E+3	2,25E+3	2,33	11,78	0,05
2,21E+3	2,25E+3	2,33	12,01	0,05
2,21E+3	2,25E+3	2,33	12,08	0,05
2,21E+3	2,25E+3	2,33	11,93	0,05
2,21E+3	2,25E+3	2,33	11,73	0,05
2,21E+3	2,26E+3	2,33	11,56	0,05
2,21E+3	2,26E+3	2,34	11,52	0,05
2,21E+3	2,26E+3	2,34	11,66	0,05
2,21E+3	2,26E+3	2,34	11,73	0,05
2,21E+3	2,26E+3	2,34	11,51	0,05
2,21E+3	2,26E+3	2,34	11,55	0,05
2,22E+3	2,26E+3	2,34	11,47	0,05
2,22E+3	2,26E+3	2,34	11,45	0,05
2,22E+3	2,26E+3	2,34	11,48	0,05
2,22E+3	2,26E+3	2,34	11,51	0,05
2,22E+3	2,27E+3	2,34	11,49	0,05
2,22E+3	2,27E+3	2,35	11,38	0,05
2,22E+3	2,27E+3	2,35	11,41	0,05
2,22E+3	2,27E+3	2,35	11,62	0,05
2,22E+3	2,27E+3	2,35	11,61	0,05
2,22E+3	2,27E+3	2,35	11,41	0,05
2,23E+3	2,27E+3	2,35	11,61	0,05
2,23E+3	2,27E+3	2,35	11,59	0,05
2,23E+3	2,27E+3	2,35	11,60	0,05
2,23E+3	2,27E+3	2,35	11,65	0,05
2,23E+3	2,28E+3	2,36	11,63	0,05
2,23E+3	2,28E+3	2,36	11,69	0,05
2,23E+3	2,28E+3	2,36	11,73	0,05
2,23E+3	2,28E+3	2,36	11,77	0,05
2,23E+3	2,28E+3	2,36	11,74	0,05
2,23E+3	2,28E+3	2,36	11,49	0,05
2,24E+3	2,28E+3	2,36	11,43	0,05
2,24E+3	2,28E+3	2,36	11,45	0,05
2,24E+3	2,28E+3	2,36	11,46	0,05
2,24E+3	2,28E+3	2,36	11,18	0,05
2,24E+3	2,29E+3	2,37	11,25	0,05
2,24E+3	2,29E+3	2,37	11,30	0,05
2,24E+3	2,29E+3	2,37	11,29	0,05
2,24E+3	2,29E+3	2,37	11,53	0,05
2,24E+3	2,29E+3	2,37	11,65	0,05
2,24E+3	2,29E+3	2,37	11,78	0,05
2,25E+3	2,29E+3	2,37	11,57	0,05
2,25E+3	2,29E+3	2,37	11,41	0,05
2,25E+3	2,29E+3	2,37	11,36	0,05
2,25E+3	2,29E+3	2,37	11,33	0,05
2,25E+3	2,30E+3	2,38	11,26	0,05
2,25E+3	2,30E+3	2,38	11,35	0,05
2,25E+3	2,30E+3	2,38	11,51	0,05
2,25E+3	2,30E+3	2,38	11,31	0,05
2,25E+3	2,30E+3	2,38	11,39	0,05
2,25E+3	2,30E+3	2,38	11,43	0,05
2,26E+3	2,30E+3	2,38	11,58	0,05
2,26E+3	2,30E+3	2,38	11,65	0,05
2,26E+3	2,30E+3	2,38	11,52	0,05
2,26E+3	2,30E+3	2,39	11,61	0,05
2,26E+3	2,31E+3	2,39	11,54	0,05
2,26E+3	2,31E+3	2,39	11,49	0,05
2,26E+3	2,31E+3	2,39	11,44	0,05
2,26E+3	2,31E+3	2,39	11,40	0,05
2,26E+3	2,31E+3	2,39	11,19	0,05
2,26E+3	2,31E+3	2,39	10,97	0,05
2,27E+3	2,31E+3	2,39	11,02	0,05
2,27E+3	2,31E+3	2,39	11,28	0,05
2,27E+3	2,31E+3	2,39	11,39	0,05
2,27E+3	2,31E+3	2,40	11,55	0,05
2,27E+3	2,32E+3	2,40	11,56	0,05
2,27E+3	2,32E+3	2,40	11,63	0,05
2,27E+3	2,32E+3	2,40	11,51	0,05
2,27E+3	2,32E+3	2,40	11,52	0,05
2,27E+3	2,32E+3	2,40	11,67	0,05
2,27E+3	2,32E+3	2,40	11,60	0,05
2,28E+3	2,32E+3	2,40	11,60	0,05
2,28E+3	2,32E+3	2,40	11,45	0,05
2,28E+3	2,32E+3	2,40	11,42	0,05
2,28E+3	2,32E+3	2,41	11,65	0,05
2,28E+3	2,33E+3	2,41	11,62	0,05
2,28E+3	2,33E+3	2,41	11,64	0,05
2,28E+3	2,33E+3	2,41	11,51	0,05
2,28E+3	2,33E+3	2,41	11,49	0,05
2,28E+3	2,33E+3	2,41	11,44	0,05
2,28E+3	2,33E+3	2,41	11,48	0,05
2,29E+3	2,33E+3	2,41	11,35	0,05
2,29E+3	2,33E+3	2,41	11,29	0,05
2,29E+3	2,33E+3	2,42	11,22	0,05
2,29E+3	2,33E+3	2,42	11,23	0,05
2,29E+3	2,34E+3	2,42	11,21	0,05
2,29E+3	2,34E+3	2,42	11,28	0,05
2,29E+3	2,34E+3	2,42	11,19	0,05
2,29E+3	2,34E+3	2,42	11,26	0,05
2,29E+3	2,34E+3	2,42	11,25	0,05
2,29E+3	2,34E+3	2,42	11,29	0,05
2,30E+3	2,34E+3	2,42	11,25	0,05
2,30E+3	2,34E+3	2,42	11,06	0,05
2,30E+3	2,34E+3	2,43	11,21	0,05
2,30E+3	2,34E+3	2,43	11,19	0,05
2,30E+3	2,35E+3	2,43	11,24	0,05
2,30E+3	2,35E+3	2,43	11,18	0,05
2,30E+3	2,35E+3	2,43	11,00	0,05
2,30E+3	2,35E+3	2,43	10,88	0,05
2,30E+3	2,35E+3	2,43	10,84	0,05
2,30E+3	2,35E+3	2,43	10,74	0,05
2,31E+3	2,35E+3	2,43	10,70	0,05
2,31E+3	2,35E+3	2,43	10,90	0,05
2,31E+3	2,35E+3	2,44	11,02	0,05
2,31E+3	2,35E+3	2,44	11,00	0,05
2,31E+3	2,36E+3	2,44	11,18	0,05
2,31E+3	2,36E+3	2,44	11,13	0,05
2,31E+3	2,36E+3	2,44	11,25	0,05
2,31E+3	2,36E+3	2,44	11,20	0,05
2,31E+3	2,36E+3	2,44	11,41	0,05
2,31E+3	2,36E+3	2,44	11,29	0,05
2,32E+3	2,36E+3	2,44	10,94	0,05
2,32E+3	2,36E+3	2,45	11,03	0,05
2,32E+3	2,36E+3	2,45	10,94	0,05
2,32E+3	2,36E+3	2,45	10,87	0,05
2,32E+3	2,37E+3	2,45	10,79	0,05
2,32E+3	2,37E+3	2,45	10,89	0,05
2,32E+3	2,37E+3	2,45	10,92	0,05
2,32E+3	2,37E+3	2,45	10,96	0,05
2,32E+3	2,37E+3	2,45	10,72	0,05
2,32E+3	2,37E+3	2,45	10,86	0,05
2,33E+3	2,37E+3	2,45	10,96	0,05
2,33E+3	2,37E+3	2,46	10,94	0,05
2,33E+3	2,37E+3	2,46	11,02	0,05
2,33E+3	2,37E+3	2,46	10,89	0,05
2,33E+3	2,38E+3	2,46	10,80	0,05
2,33E+3	2,38E+3	2,46	10,82	0,05
2,33E+3	2,38E+3	2,46	10,87	0,05
2,33E+3	2,38E+3	2,46	10,70	0,05
2,33E+3	2,38E+3	2,46	10,62	0,05
2,33E+3	2,38E+3	2,46	10,64	0,05
2,34E+3	2,38E+3	2,46	10,71	0,05
2,34E+3	2,38E+3	2,47	10,84	0,05
2,34E+3	2,38E+3	2,47	11,09	0,05
2,34E+3	2,38E+3	2,47	11,15	0,05
2,34E+3	2,39E+3	2,47	11,17	0,05
2,34E+3	2,39E+3	2,47	11,00	0,05
2,34E+3	2,39E+3	2,47	10,73	0,05
2,34E+3	2,39E+3	2,47	10,86	0,05
2,34E+3	2,39E+3	2,47	10,72	0,05
2,34E+3	2,39E+3	2,47	10,81	0,05
2,35E+3	2,39E+3	2,48	10,57	0,05
2,35E+3	2,39E+3	2,48	10,53	0,05
2,35E+3	2,39E+3	2,48	10,74	0,05
2,35E+3	2,39E+3	2,48	10,61	0,05
2,35E+3	2,40E+3	2,48	10,49	0,05
2,35E+3	2,40E+3	2,48	10,56	0,05
2,35E+3	2,40E+3	2,48	10,40	0,05
2,35E+3	2,40E+3	2,48	10,69	0,05
2,35E+3	2,40E+3	2,48	10,82	0,05
2,35E+3	2,40E+3	2,48	10,75	0,05
2,36E+3	2,40E+3	2,49	10,64	0,05
2,36E+3	2,40E+3	2,49	10,48	0,05
2,36E+3	2,40E+3	2,49	10,42	0,05
2,36E+3	2,40E+3	2,49	10,58	0,05
2,36E+3	2,41E+3	2,49	10,49	0,05
2,36E+3	2,41E+3	2,49	10,53	0,05
2,36E+3	2,41E+3	2,49	10,53	0,05
2,36E+3	2,41E+3	2,49	10,59	0,05
2,36E+3	2,41E+3	2,49	10,47	0,05
2,36E+3	2,41E+3	2,49	10,60	0,05
2,37E+3	2,41E+3	2,50	10,44	0,05
2,37E+3	2,41E+3	2,50	10,35	0,05
2,37E+3	2,41E+3	2,50	10,36	0,05
2,37E+3	2,41E+3	2,50	10,25	0,05
2,37E+3	2,42E+3	2,50	10,23	0,05
2,37E+3	2,42E+3	2,50	10,46	0,05
2,37E+3	2,42E+3	2,50	10,43	0,05
2,37E+3	2,42E+3	2,50	10,38	0,05
2,37E+3	2,42E+3	2,50	10,31	0,05
2,37E+3	2,42E+3	2,51	10,36	0,05
2,38E+3	2,42E+3	2,51	10,49	0,05
2,38E+3	2,42E+3	2,51	10,46	0,05
2,38E+3	2,42E+3	2,51	10,26	0,05
2,38E+3	2,42E+3	2,51	10,38	0,05
2,38E+3	2,43E+3	2,51	10,38	0,05
2,38E+3	2,43E+3	2,51	10,32	0,05
2,38E+3	2,43E+3	2,51	10,48	0,05
2,38E+3	2,43E+3	2,51	10,48	0,05
2,38E+3	2,43E+3	2,51	10,50	0,05
2,38E+3	2,43E+3	2,52	10,38	0,05
2,39E+3	2,43E+3	2,52	10,25	0,05
2,39E+3	2,43E+3	2,52	10,34	0,05
2,39E+3	2,43E+3	2,52	10,19	0,05
2,39E+3	2,43E+3	2,52	10,19	0,05
2,39E+3	2,44E+3	2,52	10,20	0,05
2,39E+3	2,44E+3	2,52	10,03	0,04
2,39E+3	2,44E+3	2,52	10,06	0,04
2,39E+3	2,44E+3	2,52	10,07	0,04
2,39E+3	2,44E+3	2,52	10,32	0,05
2,39E+3	2,44E+3	2,53	10,43	0,05
2,40E+3	2,44E+3	2,53	10,19	0,05
2,40E+3	2,44E+3	2,53	10,08	0,04
2,40E+3	2,44E+3	2,53	10,09	0,04
2,40E+3	2,44E+3	2,53	10,10	0,04
2,40E+3	2,45E+3	2,53	9,99	0,04
2,40E+3	2,45E+3	2,53	10,11	0,04
2,40E+3	2,45E+3	2,53	10,16	0,05
2,40E+3	2,45E+3	2,53	10,25	0,05
2,40E+3	2,45E+3	2,54	10,34	0,05
2,40E+3	2,45E+3	2,54	10,14	0,05
2,41E+3	2,45E+3	2,54	10,24	0,05
2,41E+3	2,45E+3	2,54	10,34	0,05
2,41E+3	2,45E+3	2,54	10,26	0,05
2,41E+3	2,45E+3	2,54	10,26	0,05
2,41E+3	2,46E+3	2,54	10,22	0,05
2,41E+3	2,46E+3	2,54	10,28	0,05
2,41E+3	2,46E+3	2,54	10,25	0,05
2,41E+3	2,46E+3	2,54	10,11	0,04
2,41E+3	2,46E+3	2,55	10,06	0,04
2,41E+3	2,46E+3	2,55	10,09	0,04
2,42E+3	2,46E+3	2,55	10,03	0,04
2,42E+3	2,46E+3	2,55	9,99	0,04
2,42E+3	2,46E+3	2,55	10,05	0,04
2,42E+3	2,46E+3	2,55	9,87	0,04
2,42E+3	2,47E+3	2,55	9,77	0,04
2,42E+3	2,47E+3	2,55	9,81	0,04
2,42E+3	2,47E+3	2,55	9,82	0,04
2,42E+3	2,47E+3	2,55	9,71	0,04
2,42E+3	2,47E+3	2,56	9,66	0,04
2,42E+3	2,47E+3	2,56	9,76	0,04
2,43E+3	2,47E+3	2,56	9,68	0,04
2,43E+3	2,47E+3	2,56	9,97	0,04
2,43E+3	2,47E+3	2,56	9,83	0,04
2,43E+3	2,47E+3	2,56	9,71	0,04
2,43E+3	2,48E+3	2,56	9,73	0,04
2,43E+3	2,48E+3	2,56	9,48	0,04
2,43E+3	2,48E+3	2,56	9,40	0,04
2,43E+3	2,48E+3	2,57	9,46	0,04
2,43E+3	2,48E+3	2,57	9,33	0,04
2,43E+3	2,48E+3	2,57	9,35	0,04
2,44E+3	2,48E+3	2,57	9,60	0,04
2,44E+3	2,48E+3	2,57	9,81	0,04
2,44E+3	2,48E+3	2,57	9,76	0,04
2,44E+3	2,48E+3	2,57	9,61	0,04
2,44E+3	2,49E+3	2,57	9,55	0,04
2,44E+3	2,49E+3	2,57	9,50	0,04
2,44E+3	2,49E+3	2,57	9,47	0,04
2,44E+3	2,49E+3	2,58	9,43	0,04
2,44E+3	2,49E+3	2,58	9,61	0,04
2,44E+3	2,49E+3	2,58	9,48	0,04
2,45E+3	2,49E+3	2,58	9,35	0,04
2,45E+3	2,49E+3	2,58	9,26	0,04
2,45E+3	2,49E+3	2,58	9,22	0,04
2,45E+3	2,49E+3	2,58	9,19	0,04
2,45E+3	2,50E+3	2,58	9,29	0,04
2,45E+3	2,50E+3	2,58	9,27	0,04
2,45E+3	2,50E+3	2,58	9,19	0,04
2,45E+3	2,50E+3	2,59	9,16	0,04
2,45E+3	2,50E+3	2,59	9,13	0,04
2,45E+3	2,50E+3	2,59	9,20	0,04
2,46E+3	2,50E+3	2,59	9,20	0,04
2,46E+3	2,50E+3	2,59	9,24	0,04
2,46E+3	2,50E+3	2,59	9,31	0,04
2,46E+3	2,50E+3	2,59	9,38	0,04
2,46E+3	2,51E+3	2,59	9,42	0,04
2,46E+3	2,51E+3	2,59	9,17	0,04
2,46E+3	2,51E+3	2,60	9,20	0,04
2,46E+3	2,51E+3	2,60	9,28	0,04
2,46E+3	2,51E+3	2,60	9,20	0,04
2,46E+3	2,51E+3	2,60	9,33	0,04
2,47E+3	2,51E+3	2,60	9,22	0,04
2,47E+3	2,51E+3	2,60	9,22	0,04
2,47E+3	2,51E+3	2,60	9,07	0,04
2,47E+3	2,51E+3	2,60	8,72	0,04
2,47E+3	2,52E+3	2,60	8,66	0,04
2,47E+3	2,52E+3	2,60	8,74	0,04
2,47E+3	2,52E+3	2,61	8,76	0,04
2,47E+3	2,52E+3	2,61	8,50	0,04
2,47E+3	2,52E+3	2,61	8,42	0,04
2,47E+3	2,52E+3	2,61	8,64	0,04
2,48E+3	2,52E+3	2,61	8,51	0,04
2,48E+3	2,52E+3	2,61	8,56	0,04
2,48E+3	2,52E+3	2,61	8,45	0,04
2,48E+3	2,52E+3	2,61	8,36	0,04
2,48E+3	2,53E+3	2,61	8,48	0,04
2,48E+3	2,53E+3	2,61	8,71	0,04
2,48E+3	2,53E+3	2,62	8,67	0,04
2,48E+3	2,53E+3	2,62	8,49	0,04
2,48E+3	2,53E+3	2,62	8,37	0,04
2,48E+3	2,53E+3	2,62	8,45	0,04
2,49E+3	2,53E+3	2,62	8,34	0,04
2,49E+3	2,53E+3	2,62	8,14	0,04
2,49E+3	2,53E+3	2,62	8,27	0,04
2,49E+3	2,53E+3	2,62	8,15	0,04
2,49E+3	2,54E+3	2,62	8,22	0,04
2,49E+3	2,54E+3	2,63	8,23	0,04
2,49E+3	2,54E+3	2,63	8,04	0,04
2,49E+3	2,54E+3	2,63	8,23	0,04
2,49E+3	2,54E+3	2,63	8,21	0,04
2,49E+3	2,54E+3	2,63	8,27	0,04
2,50E+3	2,54E+3	2,63	8,08	0,04
2,50E+3	2,54E+3	2,63	8,19	0,04
2,50E+3	2,54E+3	2,63	8,07	0,04
2,50E+3	2,54E+3	2,63	7,88	0,04
2,50E+3	2,55E+3	2,63	7,88	0,03
2,50E+3	2,55E+3	2,64	8,10	0,04
2,50E+3	2,55E+3	2,64	7,80	0,03
2,50E+3	2,55E+3	2,64	7,74	0,03
2,50E+3	2,55E+3	2,64	7,62	0,03
2,50E+3	2,55E+3	2,64	7,44	0,03
2,51E+3	2,55E+3	2,64	7,54	0,03
2,51E+3	2,55E+3	2,64	7,34	0,03
2,51E+3	2,55E+3	2,64	7,45	0,03
2,51E+3	2,55E+3	2,64	7,45	0,03
2,51E+3	2,56E+3	2,64	7,47	0,03
2,51E+3	2,56E+3	2,65	7,49	0,03
2,51E+3	2,56E+3	2,65	7,58	0,03
2,51E+3	2,56E+3	2,65	7,57	0,03
2,51E+3	2,56E+3	2,65	7,69	0,03
2,51E+3	2,56E+3	2,65	7,61	0,03
2,52E+3	2,56E+3	2,65	7,70	0,03
2,52E+3	2,56E+3	2,65	7,68	0,03
2,52E+3	2,56E+3	2,65	7,64	0,03
2,52E+3	2,56E+3	2,65	7,71	0,03
2,52E+3	2,57E+3	2,66	7,67	0,03
2,52E+3	2,57E+3	2,66	7,48	0,03
2,52E+3	2,57E+3	2,66	7,54	0,03
2,52E+3	2,57E+3	2,66	7,47	0,03
2,52E+3	2,57E+3	2,66	7,48	0,03
2,52E+3	2,57E+3	2,66	7,46	0,03
2,53E+3	2,57E+3	2,66	7,51	0,03
2,53E+3	2,57E+3	2,66	7,44	0,03
2,53E+3	2,57E+3	2,66	7,52	0,03
2,53E+3	2,57E+3	2,66	7,50	0,03
2,53E+3	2,58E+3	2,67	7,62	0,03
2,53E+3	2,58E+3	2,67	7,63	0,03
2,53E+3	2,58E+3	2,67	7,66	0,03
2,53E+3	2,58E+3	2,67	7,73	0,03
2,53E+3	2,58E+3	2,67	7,73	0,03
2,53E+3	2,58E+3	2,67	7,43	0,03
2,54E+3	2,58E+3	2,67	7,37	0,03
2,54E+3	2,58E+3	2,67	7,23	0,03
2,54E+3	2,58E+3	2,67	7,14	0,03
2,54E+3	2,58E+3	2,67	7,21	0,03
2,54E+3	2,59E+3	2,68	7,20	0,03
2,54E+3	2,59E+3	2,68	7,22	0,03
2,54E+3	2,59E+3	2,68	7,28	0,03
2,54E+3	2,59E+3	2,68	7,30	0,03
2,54E+3	2,59E+3	2,68	7,27	0,03
2,54E+3	2,59E+3	2,68	7,09	0,03
2,55E+3	2,59E+3	2,68	7,36	0,03
2,55E+3	2,59E+3	2,68	7,38	0,03
2,55E+3	2,59E+3	2,68	7,55	0,03
2,55E+3	2,59E+3	2,69	7,40	0,03
2,55E+3	2,60E+3	2,69	7,26	0,03
2,55E+3	2,60E+3	2,69	7,35	0,03
2,55E+3	2,60E+3	2,69	7,33	0,03
2,55E+3	2,60E+3	2,69	7,43	0,03
2,55E+3	2,60E+3	2,69	7,55	0,03
2,55E+3	2,60E+3	2,69	7,55	0,03
2,56E+3	2,60E+3	2,69	7,53	0,03
2,56E+3	2,60E+3	2,69	7,55	0,03
2,56E+3	2,60E+3	2,69	7,36	0,03
2,56E+3	2,60E+3	2,70	7,38	0,03
2,56E+3	2,61E+3	2,70	7,38	0,03
2,56E+3	2,61E+3	2,70	7,54	0,03
2,56E+3	2,61E+3	2,70	7,50	0,03
2,56E+3	2,61E+3	2,70	7,55	0,03
2,56E+3	2,61E+3	2,70	7,52	0,03
2,56E+3	2,61E+3	2,70	7,51	0,03
2,57E+3	2,61E+3	2,70	7,73	0,03
2,57E+3	2,61E+3	2,70	7,67	0,03
2,57E+3	2,61E+3	2,70	7,80	0,03
2,57E+3	2,61E+3	2,71	7,64	0,03
2,57E+3	2,62E+3	2,71	7,65	0,03
2,57E+3	2,62E+3	2,71	7,70	0,03
2,57E+3	2,62E+3	2,71	7,64	0,03
2,57E+3	2,62E+3	2,71	7,78	0,03
2,57E+3	2,62E+3	2,71	7,84	0,03
2,57E+3	2,62E+3	2,71	7,73	0,03
2,58E+3	2,62E+3	2,71	7,53	0,03
2,58E+3	2,62E+3	2,71	7,57	0,03
2,58E+3	2,62E+3	2,72	7,68	0,03
2,58E+3	2,62E+3	2,72	7,59	0,03
2,58E+3	2,63E+3	2,72	7,64	0,03
2,58E+3	2,63E+3	2,72	7,64	0,03
2,58E+3	2,63E+3	2,72	7,50	0,03
2,58E+3	2,63E+3	2,72	7,47	0,03
2,58E+3	2,63E+3	2,72	7,74	0,03
2,58E+3	2,63E+3	2,72	7,82	0,03
2,59E+3	2,63E+3	2,72	7,91	0,04
2,59E+3	2,63E+3	2,72	7,82	0,03
2,59E+3	2,63E+3	2,73	7,99	0,04
2,59E+3	2,63E+3	2,73	8,15	0,04
2,59E+3	2,64E+3	2,73	8,03	0,04
2,59E+3	2,64E+3	2,73	7,97	0,04
2,59E+3	2,64E+3	2,73	7,85	0,03
2,59E+3	2,64E+3	2,73	8,07	0,04
2,59E+3	2,64E+3	2,73	8,19	0,04
2,59E+3	2,64E+3	2,73	8,13	0,04
2,60E+3	2,64E+3	2,73	8,09	0,04
2,60E+3	2,64E+3	2,74	8,18	0,04
2,60E+3	2,64E+3	2,74	8,19	0,04
2,60E+3	2,64E+3	2,74	8,13	0,04
2,60E+3	2,65E+3	2,74	8,31	0,04
2,60E+3	2,65E+3	2,74	8,14	0,04
2,60E+3	2,65E+3	2,74	8,14	0,04
2,60E+3	2,65E+3	2,74	8,26	0,04
2,60E+3	2,65E+3	2,74	8,35	0,04
2,60E+3	2,65E+3	2,74	8,37	0,04
2,61E+3	2,65E+3	2,74	8,27	0,04
2,61E+3	2,65E+3	2,75	8,34	0,04
2,61E+3	2,65E+3	2,75	8,31	0,04
2,61E+3	2,65E+3	2,75	8,30	0,04
2,61E+3	2,66E+3	2,75	8,23	0,04
2,61E+3	2,66E+3	2,75	8,22	0,04
2,61E+3	2,66E+3	2,75	8,18	0,04
2,61E+3	2,66E+3	2,75	8,22	0,04
2,61E+3	2,66E+3	2,75	8,33	0,04
2,61E+3	2,66E+3	2,75	8,45	0,04
2,62E+3	2,66E+3	2,75	8,32	0,04
2,62E+3	2,66E+3	2,76	8,33	0,04
2,62E+3	2,66E+3	2,76	8,33	0,04
2,62E+3	2,66E+3	2,76	8,50	0,04
2,62E+3	2,67E+3	2,76	8,60	0,04
2,62E+3	2,67E+3	2,76	8,56	0,04
2,62E+3	2,67E+3	2,76	8,64	0,04
2,62E+3	2,67E+3	2,76	8,68	0,04
2,62E+3	2,67E+3	2,76	8,49	0,04
2,62E+3	2,67E+3	2,76	8,49	0,04
2,63E+3	2,67E+3	2,77	8,71	0,04
2,63E+3	2,67E+3	2,77	8,72	0,04
2,63E+3	2,67E+3	2,77	8,70	0,04
2,63E+3	2,67E+3	2,77	8,57	0,04
2,63E+3	2,68E+3	2,77	8,74	0,04
2,63E+3	2,68E+3	2,77	8,72	0,04
2,63E+3	2,68E+3	2,77	8,66	0,04
2,63E+3	2,68E+3	2,77	8,58	0,04
2,63E+3	2,68E+3	2,77	8,53	0,04
2,63E+3	2,68E+3	2,77	8,60	0,04
2,64E+3	2,68E+3	2,78	8,58	0,04
2,64E+3	2,68E+3	2,78	8,63	0,04
2,64E+3	2,68E+3	2,78	8,80	0,04
2,64E+3	2,68E+3	2,78	8,84	0,04
2,64E+3	2,69E+3	2,78	8,88	0,04
2,64E+3	2,69E+3	2,78	8,85	0,04
2,64E+3	2,69E+3	2,78	8,91	0,04
2,64E+3	2,69E+3	2,78	9,10	0,04
