MTS793|BTW|ENU|1|0|.|/|:|1|0|0|A

Data Header:                                                Time:     2.2216797 s         3/30/2023 12:08:13 PM
Data Acquisition: Timed
Station Name: 10504712.cfg
Test File Name: Tracción.tst
Axial Displacement Axial Force Running Time
mm        N         s
-0.00046686037 1.0534376 0.018554688
-0.00031299423 1.4024973 0.028320313
-8.3842315e-05 1.2798607 0.038085938
0.0088051194 9.8206844 0.047851563
0.025657786 24.148226 0.057617188
0.042250928 38.998352 0.067382813
0.058136798 54.627209 0.077148438
0.075603135 70.863663 0.086914063
0.092089854 86.212677 0.096679688
0.10852344 100.84018 0.10644531
0.12530747 115.2958 0.11621094
0.14040026 129.67296 0.12597656
0.15748513 145.06996 0.13574219
0.17374051 160.70061 0.14550781
0.19119033 176.22865 0.15527344
0.20737231 190.17056 0.16503906
0.22357127 204.62148 0.17480469
0.24041165 219.13976 0.18457031
0.25718075 234.46866 0.19433594
0.27398691 249.55124 0.20410156
0.28980276 263.36288 0.21386719
0.3062292 278.38199 0.22363281
0.32286501 292.49811 0.23339844
0.33883595 306.54013 0.24316406
0.3561255 320.63843 0.25292969
0.37223479 336.05249 0.26269531
0.38901401 350.24457 0.27246094
0.4059394 364.41089 0.28222656
0.42161793 378.35889 0.29199219
0.43834811 392.11578 0.30175781
0.45498741 406.2374 0.31152344
0.47142255 420.99054 0.32128906
0.48775831 435.36246 0.33105469
0.50524521 450.24609 0.34082031
0.52171576 464.14252 0.35058594
0.53853434 477.28848 0.36035156
0.55393213 490.96817 0.37011719
0.57047892 504.66006 0.37988281
0.58658648 519.06641 0.38964844
0.60348642 533.46387 0.39941406
0.6204406 547.05347 0.40917969
0.63694686 560.63757 0.41894531
0.65363652 574.1131 0.42871094
0.67010939 588.07001 0.43847656
0.68690598 601.66821 0.44824219
0.70376164 615.58337 0.45800781
0.7201243 628.63898 0.46777344
0.73595458 641.19897 0.47753906
0.75258428 654.21722 0.48730469
0.76963508 667.2569 0.49707031
0.78565562 679.95245 0.50683594
0.80206257 693.19183 0.51660156
0.81888384 706.76691 0.52636719
0.83492929 720.08368 0.53613281
0.85263437 732.59351 0.54589844
0.86897939 745.01056 0.55566406
0.8840791 757.30273 0.56542969
0.9021787 770.80798 0.57519531
0.91834122 784.3819 0.58496094
0.93553662 796.90668 0.59472656
0.95177692 808.42725 0.60449219
0.968238  820.1795  0.61425781
0.98422122 831.87408 0.62402344
1.0009949 844.76874 0.63378906
1.0167799 856.64307 0.64355469
1.0341723 868.87231 0.65332031
1.0509516 880.89532 0.66308594
1.0668414 892.72552 0.67285156
1.0835302 903.37421 0.68261719
1.1001862 915.02246 0.69238281
1.1165767 926.89703 0.70214844
1.1334211 938.31329 0.71191406
1.1488895 949.79565 0.72167969
1.1654006 960.638   0.73144531
1.182294  970.86444 0.74121094
1.1984822 981.88898 0.75097656
1.2152365 993.32068 0.76074219
1.2325798 1004.7874 0.77050781
1.248659  1015.9602 0.78027344
1.2656883 1026.2788 0.79003906
1.2824105 1035.8199 0.79980469
1.299288  1046.9338 0.80957031
1.3156514 1056.8053 0.81933594
1.3319477 1067.2028 0.82910156
1.3481239 1077.4512 0.83886719
1.3656596 1086.7312 0.84863281
1.3815358 1096.5511 0.85839844
1.3976493 1105.767  0.86816406
1.4143003 1114.9337 0.87792969
1.4314725 1125.0172 0.88769531
1.4480909 1134.1836 0.89746094
1.4650034 1143.7896 0.90722656
1.4822537 1152.0588 0.91699219
1.4991971 1160.4271 0.92675781
1.5150961 1168.9438 0.93652344
1.5321022 1177.0664 0.94628906
1.5481591 1185.9338 0.95605469
1.5649002 1194.0417 0.96582031
1.5815787 1201.3861 0.97558594
1.5981177 1208.538  0.98535156
1.6146649 1215.3994 0.99511719
1.6314762 1222.8065 1.0048828
1.6475782 1230.5343 1.0146484
1.6640795 1236.9827 1.0244141
1.6812322 1243.6868 1.0341797
1.6985848 1250.1565 1.0439453
1.7137481 1255.3374 1.0537109
1.7305427 1261.1429 1.0634766
1.747323  1266.2902 1.0732422
1.7632167 1271.9222 1.0830078
1.7800072 1277.0651 1.0927734
1.7967466 1281.7362 1.1025391
1.813207  1285.1218 1.1123047
1.8301169 1289.0138 1.1220703
1.8469583 1292.2209 1.1318359
1.8631077 1295.9132 1.1416016
1.8801138 1298.991  1.1513672
1.896336  1300.7625 1.1611328
1.9129978 1301.8053 1.1708984
1.9293096 1302.468  1.1806641
1.9457195 1302.0647 1.1904297
1.9628284 1301.053  1.2001953
1.9794279 1298.6866 1.2099609
1.9965063 1293.9874 1.2197266
2.0132406 1285.6433 1.2294922
2.0300345 1271.6929 1.2392578
2.0473809 1247.8459 1.2490234
2.0641265 1204.3094 1.2587891
2.0833306 1057.9412 1.2685547
2.1194999 -129.47984 1.2783203
2.1328053 -48.886238 1.2880859
2.1355743 34.253895 1.2978516
2.157676  -3.2696128 1.3076172
2.1722076 -3.5534053 1.3173828
2.1885505 -11.10971 1.3271484
2.2064707 -12.114718 1.3369141
2.2230899 4.4836102 1.3466797
2.2390559 -2.4354458 1.3564453
2.2554731 -23.409725 1.3662109
2.272397  -24.114996 1.3759766
2.2887034 -9.6809864 1.3857422
2.304456  -0.91537833 1.3955078
2.3214626 -3.0694156 1.4052734
2.3388324 -9.7762051 1.4150391
2.3556399 -15.767291 1.4248047
2.3719513 -17.900244 1.4345703
2.3882251 -14.837683 1.4443359
2.4045446 -11.942684 1.4541016
2.4214153 -9.4408541 1.4638672
2.4379504 -9.1820955 1.4736328
2.4544258 -10.838061 1.4833984
2.47158   -13.513714 1.4931641
2.4878595 -13.779998 1.5029297
2.504106  -13.735294 1.5126953
2.5210869 -12.344345 1.5224609
2.5381658 -10.87673 1.5322266
2.5538325 -10.356009 1.5419922
2.5707197 -10.972396 1.5517578
2.5880971 -12.311414 1.5615234
2.6040521 -12.752861 1.5712891
2.6210351 -12.434944 1.5810547
2.6374686 -12.317822 1.5908203
2.6537244 -11.352077 1.6005859
2.6701422 -11.247322 1.6103516
2.6874068 -12.868866 1.6201172
2.70381   -12.784079 1.6298828
2.7198939 -12.805015 1.6396484
2.7366107 -12.685582 1.6494141
2.7531304 -12.487844 1.6591797
2.7703204 -12.504384 1.6689453
2.7860918 -13.066828 1.6787109
2.8026896 -12.213513 1.6884766
2.8192399 -12.887046 1.6982422
2.8357246 -11.969432 1.7080078
2.8527961 -12.049675 1.7177734
2.8687627 -12.388304 1.7275391
2.8856297 -12.188405 1.7373047
2.9021847 -12.462065 1.7470703
2.9182572 -12.715012 1.7568359
2.9357359 -12.447908 1.7666016
2.9518919 -11.869296 1.7763672
2.9681444 -12.032241 1.7861328
2.9848156 -12.506991 1.7958984
3.0020158 -12.940243 1.8056641
3.0168638 -12.953579 1.8154297
3.0342567 -12.438372 1.8251953
3.0512764 -12.122169 1.8349609
3.0676324 -12.068301 1.8447266
3.084264  -12.419597 1.8544922
3.1012785 -12.924522 1.8642578
3.1171608 -13.395622 1.8740234
3.1340458 -12.310222 1.8837891
3.1503069 -12.36692 1.8935547
3.1674392 -11.730417 1.9033203
3.183883  -12.635216 1.9130859
3.2005661 -12.692139 1.9228516
3.216152  -12.939871 1.9326172
3.2337401 -13.474003 1.9423828
3.2497127 -12.127906 1.9521484
3.2659709 -12.362226 1.9619141
3.2827296 -12.138039 1.9716797
3.2993176 -12.283474 1.9814453
3.3157024 -12.969226 1.9912109
3.3331327 -13.540536 2.0009766
3.3489916 -12.490376 2.0107422
3.3661284 -12.532473 2.0205078
3.3821359 -11.699125 2.0302734
3.3985462 -12.431368 2.0400391
3.4155521 -13.162867 2.0498047
3.4314885 -13.281181 2.0595703
3.4475441 -13.188794 2.0693359
3.4646955 -12.642294 2.0791016
3.4807627 -12.294277 2.0888672
3.4974985 -12.290105 2.0986328
3.5148315 -12.698397 2.1083984
3.5313234 -12.741759 2.1181641
3.5480828 -13.73969 2.1279297
3.5646067 -12.798309 2.1376953
3.5814617 -12.04528 2.1474609
3.5973277 -11.827871 2.1572266
3.6138098 -11.825785 2.1669922
3.630378  -11.947528 2.1767578
3.6472592 -12.490601 2.1865234
3.6639831 -13.268516 2.1962891
3.6802437 -12.331679 2.2060547
3.6966443 -12.541562 2.2158203

