MTS793|BTW|ENU|1|0|.|/|:|1|0|0|A

Data Header:                                                Time:     2.1015625 s         3/30/2023 12:03:07 PM
Data Acquisition: Timed
Station Name: 10504712.cfg
Test File Name: Tracción.tst
Axial Displacement Axial Force Running Time
mm        N         s
0.00010095537 -0.58412552 0.018554688
0.0012751669 0.67308545 0.028320313
0.011013448 9.3360987 0.038085938
0.026746467 24.184361 0.047851563
0.043544546 39.377438 0.057617188
0.060270354 54.218098 0.067382813
0.07715486 68.773109 0.077148438
0.093550235 83.781258 0.086914063
0.11046007 99.054054 0.096679688
0.12746975 114.78454 0.10644531
0.14369115 129.15224 0.11621094
0.16003884 142.94304 0.12597656
0.17719418 157.45245 0.13574219
0.19358434 171.83759 0.14550781
0.21013543 186.80415 0.15527344
0.22673234 201.63596 0.16503906
0.24228543 215.49098 0.17480469
0.25909618 229.74141 0.18457031
0.27608907 244.39655 0.19433594
0.29250756 258.44052 0.20410156
0.30925795 272.43509 0.21386719
0.32661521 286.99695 0.22363281
0.34269428 301.76468 0.23339844
0.35974458 316.2182 0.24316406
0.3766883 330.01877 0.25292969
0.39247012 343.75711 0.26269531
0.40937626 357.71423 0.27246094
0.42573249 372.50931 0.28222656
0.44152215 386.77509 0.29199219
0.45864397 400.36768 0.30175781
0.47586745 414.32379 0.31152344
0.49139374 427.31479 0.32128906
0.50806552 441.41452 0.33105469
0.52420312 455.6535 0.34082031
0.54094756 469.33389 0.35058594
0.55764914 483.50586 0.36035156
0.57410747 496.76251 0.37011719
0.59069991 510.04785 0.37988281
0.60842335 523.90222 0.38964844
0.62381995 537.36005 0.39941406
0.63995945 550.39984 0.40917969
0.65699106 564.35376 0.41894531
0.67283696 577.2522 0.42871094
0.68973452 590.4292 0.43847656
0.70596749 603.2948 0.44824219
0.72278643 616.70844 0.45800781
0.73846692 630.18335 0.46777344
0.75587296 642.83795 0.47753906
0.77241623 656.08484 0.48730469
0.78978127 669.1319 0.49707031
0.80683976 681.13855 0.50683594
0.82208741 695.13397 0.51660156
0.83885378 707.38971 0.52636719
0.855349  720.7699  0.53613281
0.87153089 733.60211 0.54589844
0.88759214 745.19354 0.55566406
0.90470684 758.00537 0.56542969
0.9203285 768.94305 0.57519531
0.93729681 780.81842 0.58496094
0.95389897 793.85309 0.59472656
0.97123867 807.04547 0.60449219
0.98684502 818.4375 0.61425781
1.0032035 829.94836 0.62402344
1.0204993 841.92529 0.63378906
1.0361265 854.09558 0.64355469
1.0532383 866.052   0.65332031
1.0702442 878.71442 0.66308594
1.085801  889.22034 0.67285156
1.1028044 900.68402 0.68261719
1.1191521 911.81079 0.69238281
1.135689  922.94269 0.70214844
1.1519786 935.00995 0.71191406
1.1694018 946.30139 0.72167969
1.1866592 958.138   0.73144531
1.2028887 968.70544 0.74121094
1.2190484 979.10883 0.75097656
1.2359254 989.87451 0.76074219
1.2526736 1000.3185 0.77050781
1.2688462 1011.4124 0.78027344
1.2856796 1022.6166 0.79003906
1.3025649 1032.8278 0.79980469
1.3189424 1042.838  0.80957031
1.3351232 1051.9854 0.81933594
1.3519529 1061.8665 0.82910156
1.3683691 1072.4879 0.83886719
1.3848037 1082.6296 0.84863281
1.4010422 1092.1868 0.85839844
1.4172573 1102.1504 0.86816406
1.4346976 1110.3566 0.87792969
1.4513571 1119.8899 0.88769531
1.4687042 1129.3119 0.89746094
1.4851305 1138.5005 0.90722656
1.5018255 1148.5116 0.91699219
1.518913  1157.4075 0.92675781
1.5364759 1166.2615 0.93652344
1.5522867 1173.5431 0.94628906
1.5683274 1181.8285 0.95605469
1.5854541 1190.3519 0.96582031
1.6025447 1198.5098 0.97558594
1.6185112 1206.4398 0.98535156
1.6353186 1213.0859 0.99511719
1.6520325 1220.5474 1.0048828
1.6679012 1227.3949 1.0146484
1.6848038 1234.2623 1.0244141
1.7012086 1241.351  1.0341797
1.7175518 1247.587  1.0439453
1.7342519 1254.3052 1.0537109
1.7509058 1259.4523 1.0634766
1.7670114 1264.963  1.0732422
1.7830335 1270.743  1.0830078
1.8001516 1276.6704 1.0927734
1.8173039 1281.8563 1.1025391
1.8337749 1286.474  1.1123047
1.8501818 1290.4984 1.1220703
1.8670708 1294.3171 1.1318359
1.8840224 1297.4666 1.1416016
1.8995851 1301.5677 1.1513672
1.9168605 1305.2903 1.1611328
1.9328713 1307.4441 1.1708984
1.9493625 1310.3878 1.1806641
1.9662797 1310.5808 1.1904297
1.9821703 1312.1234 1.2001953
1.9990474 1312.4823 1.2099609
2.0158091 1312.174  1.2197266
2.0323067 1311.0422 1.2294922
2.0494938 1306.8384 1.2392578
2.0661376 1301.5499 1.2490234
2.0827003 1293.0492 1.2587891
2.0994916 1279.5765 1.2685547
2.1168211 1258.0287 1.2783203
2.1347008 1219.1263 1.2880859
2.1514103 1155.771  1.2978516
2.1688356 1060.4905 1.3076172
2.2023537 38.96199  1.3173828
2.2231407 81.943047 1.3271484
2.2238395 22.630692 1.3369141
2.2411518 -28.358698 1.3466797
2.2578664 -13.788491 1.3564453
2.2739007 -7.7424946 1.3662109
2.2916839 -2.4327636 1.3759766
2.3074694 -5.0542502 1.3857422
2.3239157 -21.125525 1.3955078
2.341073  -14.927313 1.4052734
2.3564377 4.4621525 1.4150391
2.3743317 5.1306934 1.4248047
2.3907728 -7.1948023 1.4345703
2.4076276 -14.72421 1.4443359
2.4232514 -14.427379 1.4541016
2.4398282 -10.408386 1.4638672
2.4572484 -4.6879053 1.4736328
2.4737    -2.1103768 1.4833984
2.4906039 -3.8511305 1.4931641
2.506613  -6.8470836 1.5029297
2.5233059 -9.0622902 1.5126953
2.5398924 -9.4658136 1.5224609
2.5554583 -7.6715651 1.5322266
2.5737314 -6.9056454 1.5419922
2.5905199 -6.3906612 1.5517578
2.6063509 -6.5138192 1.5615234
2.6229858 -7.7886133 1.5712891
2.6389241 -8.1012402 1.5810547
2.6564569 -9.5181913 1.5908203
2.6725485 -8.6098166 1.6005859
2.6884801 -8.4131956 1.6103516
2.7048447 -7.8085065 1.6201172
2.7215629 -7.6439977 1.6298828
2.7385256 -8.5140018 1.6396484
2.7558951 -8.4675102 1.6494141
2.7727842 -7.9204888 1.6591797
2.7882769 -7.7755003 1.6689453
2.8048596 -7.5647235 1.6787109
2.8219051 -8.3421917 1.6884766
2.8385594 -7.6472759 1.6982422
2.8555355 -7.1072578 1.7080078
2.8710537 -8.1861019 1.7177734
2.8876991 -7.9301   1.7275391
2.90417   -7.7480078 1.7373047
2.9204004 -8.3550816 1.7470703
2.9383025 -9.3278294 1.7568359
2.9538364 -8.4014235 1.7666016
2.9702039 -7.7830257 1.7763672
2.9874995 -7.5770912 1.7861328
3.0033441 -7.3930621 1.7958984
3.0197711 -7.7621641 1.8056641
3.0361109 -8.7352095 1.8154297
3.0526199 -8.6688251 1.8251953
3.0694768 -8.3737822 1.8349609
3.0860364 -8.2696228 1.8447266
3.103313  -8.0724802 1.8544922
3.120698  -7.9583378 1.8642578
3.1368897 -8.8828058 1.8740234
3.1528406 -8.873045 1.8837891
3.1690896 -8.909255 1.8935547
3.1856737 -8.3256512 1.9033203
3.2019987 -7.7780337 1.9130859
3.218641  -7.1238728 1.9228516
3.2355025 -8.1797686 1.9326172
3.2516031 -8.9062004 1.9423828
3.2675424 -8.8357182 1.9521484
3.2849445 -8.6253881 1.9619141
3.3022478 -8.5841866 1.9716797
3.3187926 -7.653162 1.9814453
3.3349693 -8.5876141 1.9912109
3.3513732 -8.4323435 2.0009766
3.3679976 -8.9273605 2.0107422
3.3837736 -8.8768454 2.0205078
3.4004302 -8.5087118 2.0302734
3.4175277 -7.7152252 2.0400391
3.4339168 -7.6298418 2.0498047
3.4508302 -8.4548445 2.0595703
3.4677312 -9.001791 2.0693359
3.483577  -9.1172009 2.0791016
3.5005913 -8.4897127 2.0888672
3.516943  -8.2831087 2.0986328

