MTS793|BTW|ENU|1|0|.|/|:|1|0|0|A

Data Header:                                                Time:     2.1582031 s         3/30/2023 12:06:28 PM
Data Acquisition: Timed
Station Name: 10504712.cfg
Test File Name: Tracción.tst
Axial Displacement Axial Force Running Time
mm        N         s
0.00043349573 -0.58725476 0.01953125
0.00022485619 0.43429434 0.029296875
0.0079520624 7.1848183 0.0390625
0.022847753 20.278692 0.048828125
0.038719781 34.52137 0.05859375
0.055826455 50.124973 0.068359375
0.07298512 65.286011 0.078125
0.088826798 80.895721 0.087890625
0.10516348 96.306206 0.09765625
0.12167878 110.65297 0.10742188
0.13876019 125.79948 0.1171875
0.15586457 140.95195 0.12695313
0.1718342 155.23814 0.13671875
0.18777263 170.76932 0.14648438
0.20455492 185.62793 0.15625
0.2213411 200.48514 0.16601563
0.23853266 215.70772 0.17578125
0.25554711 230.22279 0.18554688
0.27185225 244.63922 0.1953125
0.28808039 258.96841 0.20507813
0.3046113 274.5896  0.21484375
0.32160693 290.17575 0.22460938
0.3381353 303.7691  0.234375
0.35411885 317.5737 0.24414063
0.37062207 330.9913 0.25390625
0.38763717 346.10574 0.26367188
0.40406984 360.3887 0.2734375
0.42022026 374.54999 0.28320313
0.43712753 389.38657 0.29296875
0.45389155 403.22964 0.30273438
0.47007057 416.52435 0.3125
0.4870455 430.36832 0.32226563
0.50236863 444.2569 0.33203125
0.51933634 458.89395 0.34179688
0.53506738 473.30038 0.3515625
0.55248618 487.09793 0.36132813
0.56942886 500.77863 0.37109375
0.58564121 513.96417 0.38085938
0.60307896 527.97699 0.390625
0.61763602 542.69238 0.40039063
0.63481748 555.37903 0.41015625
0.65152031 569.05255 0.41992188
0.66782546 581.88428 0.4296875
0.68429536 594.60645 0.43945313
0.70089847 608.79462 0.44921875
0.7177273 622.23395 0.45898438
0.73487079 636.35925 0.46875
0.7506246 649.5321  0.47851563
0.7670967 661.49768 0.48828125
0.78335267 674.49634 0.49804688
0.80014277 687.96704 0.5078125
0.81754708 700.66675 0.51757813
0.83297324 713.79413 0.52734375
0.84952837 726.60107 0.53710938
0.86568737 739.55664 0.546875
0.88238931 751.93152 0.55664063
0.89923787 764.11761 0.56640625
0.91671282 776.45886 0.57617188
0.93224311 788.95618 0.5859375
0.94917715 802.20441 0.59570313
0.96563929 814.22046 0.60546875
0.98211479 826.97614 0.61523438
0.997935  838.3222  0.625
1.0154228 850.40802 0.63476563
1.0320299 862.80939 0.64453125
1.0495057 874.91748 0.65429688
1.0648499 887.11475 0.6640625
1.0809559 898.33099 0.67382813
1.097415  909.67908 0.68359375
1.1140529 920.67163 0.69335938
1.1311573 932.00745 0.703125
1.1473371 943.74329 0.71289063
1.1643081 954.90027 0.72265625
1.180215  965.90405 0.73242188
1.1963785 976.98743 0.7421875
1.2132826 986.66821 0.75195313
1.22925   997.97418 0.76171875
1.2457145 1008.6729 0.77148438
1.2629795 1019.6946 0.78125
1.2799892 1030.7766 0.79101563
1.2959169 1041.1587 0.80078125
1.3128217 1050.8186 0.81054688
1.3296406 1060.5875 0.8203125
1.3461953 1070.8557 0.83007813
1.3628527 1081.3909 0.83984375
1.3794987 1091.2633 0.84960938
1.3966408 1101.0867 0.859375
1.4119647 1110.3531 0.86914063
1.4290302 1118.5819 0.87890625
1.4451861 1128.14   0.88867188
1.4619108 1137.0551 0.8984375
1.4785812 1147.2784 0.90820313
1.4948914 1155.7693 0.91796875
1.5119156 1163.7749 0.92773438
1.5281047 1172.0825 0.9375
1.5454738 1180.1118 0.94726563
1.5618367 1188.3595 0.95703125
1.5778031 1196.4938 0.96679688
1.5945256 1203.9468 0.9765625
1.6106787 1211.1555 0.98632813
1.627527  1218.3428 0.99609375
1.6435128 1225.6144 1.0058594
1.6610578 1232.5127 1.015625
1.6777195 1239.6511 1.0253906
1.6950259 1246.791  1.0351563
1.7109755 1252.6675 1.0449219
1.7277297 1258.3257 1.0546875
1.7439934 1264.1847 1.0644531
1.7609608 1268.5291 1.0742188
1.7768472 1274.1472 1.0839844
1.793366  1279.3905 1.09375
1.8097625 1283.7427 1.1035156
1.8271075 1287.9055 1.1132813
1.8438419 1291.338  1.1230469
1.8611659 1294.5531 1.1328125
1.8775439 1297.7483 1.1425781
1.8937187 1301.1449 1.1523438
1.9106681 1302.7598 1.1621094
1.9278581 1303.5126 1.171875
1.9444147 1303.8726 1.1816406
1.9607285 1302.76   1.1914063
1.9773012 1300.2809 1.2011719
1.9938565 1295.6968 1.2109375
2.0098693 1288.7813 1.2207031
2.0273302 1276.6558 1.2304688
2.0433805 1250.9333 1.2402344
2.0632415 1153.1351 1.25
2.0974283 -134.04012 1.2597656
2.114007  14.128983 1.2695313
2.1152554 51.590801 1.2792969
2.1365592 -6.5537543 1.2890625
2.1533682 -6.9624186 1.2988281
2.1684022 -9.4942751 1.3085938
2.1858819 -4.6706944 1.3183594
2.2029436 3.9213152 1.328125
2.2195089 -12.035817 1.3378906
2.2352986 -25.636852 1.3476563
2.251888  -13.629421 1.3574219
2.2697148 0.41626394 1.3671875
2.286355  0.47631562 1.3769531
2.3016481 -4.6153364 1.3867188
2.3192446 -12.759045 1.3964844
2.3349152 -17.609671 1.40625
2.3523605 -15.470534 1.4160156
2.3684299 -10.134503 1.4257813
2.3842916 -6.9961696 1.4355469
2.4009845 -8.632019 1.4453125
2.4175761 -9.8799915 1.4550781
2.4343143 -10.675937 1.4648438
2.4508309 -10.660738 1.4746094
2.4678867 -12.00065 1.484375
2.485014  -11.551083 1.4941406
2.5015192 -10.496005 1.5039063
2.5178797 -8.7633724 1.5136719
2.5345027 -8.6458769 1.5234375
2.5501435 -9.9801273 1.5332031
2.5675068 -10.966733 1.5429688
2.5835853 -10.73882 1.5527344
2.6011903 -10.465086 1.5625
2.6171358 -11.272282 1.5722656
2.6335423 -10.809079 1.5820313
2.6498148 -9.6657867 1.5917969
2.6667457 -9.6755476 1.6015625
2.683629  -10.771826 1.6113281
2.7005246 -12.027398 1.6210938
2.7161496 -11.641234 1.6308594
2.7331071 -11.512339 1.640625
2.7493989 -10.453984 1.6503906
2.7658858 -11.161939 1.6601563
2.782795  -10.185465 1.6699219
2.7995269 -10.848493 1.6796875
2.8156848 -11.009797 1.6894531
2.8333082 -11.305213 1.6992188
2.849149  -10.694191 1.7089844
2.8650143 -10.174438 1.71875
2.8819797 -10.108352 1.7285156
2.8989656 -10.532514 1.7382813
2.9150972 -11.392906 1.7480469
2.9317131 -10.9905  1.7578125
2.9482481 -11.446774 1.7675781
2.9650929 -10.353848 1.7773438
2.9813941 -10.884627 1.7871094
2.9977181 -10.474771 1.796875
3.0147524 -10.879561 1.8066406
3.0320473 -10.985509 1.8164063
3.0479617 -11.584908 1.8261719
3.0643656 -11.062249 1.8359375
3.0808549 -10.775476 1.8457031
3.0969348 -9.8685179 1.8554688
3.1138976 -10.559484 1.8652344
3.130187  -11.015013 1.875
3.146724  -11.473447 1.8847656
3.1635151 -11.621266 1.8945313
3.1803634 -11.213347 1.9042969
3.196913  -10.411963 1.9140625
3.2128024 -10.26228 1.9238281
3.2297506 -10.91592 1.9335938
3.2467251 -11.719092 1.9433594
3.2642019 -11.97584 1.953125
3.2792099 -10.583326 1.9628906
3.2962799 -10.480359 1.9726563
3.3118129 -9.7236786 1.9824219
3.3292451 -11.156053 1.9921875
3.3460591 -10.643378 2.0019531
3.3625352 -11.143387 2.0117188
3.3789437 -11.442974 2.0214844
3.395288  -10.822937 2.03125
3.4119561 -10.480508 2.0410156
3.4285822 -10.21117 2.0507813
3.4448366 -10.611713 2.0605469
3.4620478 -11.8234  2.0703125
3.4788721 -11.571869 2.0800781
3.4950294 -11.388138 2.0898438
3.5108111 -10.589734 2.0996094
3.5281987 -10.715276 2.109375
3.5438802 -11.186897 2.1191406
3.5610218 -11.51815 2.1289063
3.5782523 -11.381433 2.1386719
3.5948536 -11.171997 2.1484375

