MTS793|BTW|ENU|1|0|.|/|:|1|0|0|A

Data Header:                                                Time:     3.1416016 s         3/30/2023 10:45:31 AM
Data Acquisition: Timed
Station Name: 10504712.cfg
Test File Name: Tracción.tst
Axial Displacement Axial Force Running Time
mm        N         s
-0.00072446419 2.3474545 0.020507813
0.00013139797 1.7533451 0.030273438
0.00017709099 1.5879422 0.040039063
0.0005005626 2.1187961 0.049804688
9.1735274e-05 1.8320978 0.059570313
0.0077821314 10.453314 0.069335938
0.022260426 23.839027 0.079101563
0.038016401 39.865227 0.088867188
0.055959415 56.376011 0.098632813
0.070907429 70.406197 0.10839844
0.089265421 85.822716 0.11816406
0.10584605 103.33486 0.12792969
0.12096412 118.63813 0.13769531
0.1379917 132.66675 0.14746094
0.15449186 149.21777 0.15722656
0.17026396 163.05574 0.16699219
0.18846901 178.3166 0.17675781
0.20377232 194.48705 0.18652344
0.2207406 210.36624 0.19628906
0.23645911 226.36749 0.20605469
0.25421467 240.50534 0.21582031
0.26999938 255.72604 0.22558594
0.28694984 270.54733 0.23535156
0.30507451 286.31403 0.24511719
0.32104442 302.65228 0.25488281
0.33873144 318.49658 0.26464844
0.35467204 333.02927 0.27441406
0.37005094 346.30246 0.28417969
0.38711491 360.08774 0.29394531
0.40406251 375.34683 0.30371094
0.42008656 390.09369 0.31347656
0.43574247 403.76602 0.32324219
0.452104  419.39166 0.33300781
0.46937788 433.65161 0.34277344
0.48611537 447.5585 0.35253906
0.50202066 463.03885 0.36230469
0.52017653 477.4053 0.37207031
0.53575206 492.49713 0.38183594
0.55259097 507.14542 0.39160156
0.56946117 522.86774 0.40136719
0.58426106 534.97241 0.41113281
0.6027022 548.02789 0.42089844
0.61833256 562.76636 0.43066406
0.63515329 576.32117 0.44042969
0.65198964 591.08276 0.45019531
0.66747904 604.21948 0.45996094
0.68434376 617.95044 0.46972656
0.70077264 631.07886 0.47949219
0.71803325 645.17572 0.48925781
0.73273045 658.52069 0.49902344
0.75074959 672.76233 0.50878906
0.76821858 688.02777 0.51855469
0.78419662 700.49622 0.52832031
0.80023867 713.3197 0.53808594
0.8151803 725.50812 0.54785156
0.83340454 740.21313 0.55761719
0.84987658 753.04895 0.56738281
0.86784941 766.85382 0.57714844
0.88406432 779.00171 0.58691406
0.90039885 790.25928 0.59667969
0.9156422 801.85779 0.60644531
0.9341678 812.93134 0.61621094
0.9494437 826.26471 0.62597656
0.96580881 838.28699 0.63574219
0.98247659 850.01465 0.64550781
0.99835581 862.22235 0.65527344
1.0145237 871.59021 0.66503906
1.0303336 882.1665  0.67480469
1.0472326 892.51471 0.68457031
1.0640057 902.95032 0.69433594
1.0800204 912.1615  0.70410156
1.096504  921.04236 0.71386719
1.1142724 930.69031 0.72363281
1.1301337 936.88348 0.73339844
1.1478528 943.46033 0.74316406
1.16536   950.37537 0.75292969
1.1810668 953.7384  0.76269531
1.1963171 956.44611 0.77246094
1.2129889 956.14142 0.78222656
1.2303991 954.96661 0.79199219
1.2459161 952.26666 0.80175781
1.2641369 948.41565 0.81152344
1.2820945 939.77246 0.82128906
1.2971148 929.83423 0.83105469
1.3140031 920.75983 0.84082031
1.3311725 907.71613 0.85058594
1.3481368 898.29181 0.86035156
1.3652638 888.72992 0.87011719
1.3811609 880.29907 0.87988281
1.3977312 870.31592 0.88964844
1.4142252 865.09637 0.89941406
1.432446  857.41602 0.90917969
1.4478608 850.12018 0.91894531
1.4645344 844.15906 0.92871094
1.4809518 839.83026 0.93847656
1.4988731 835.74609 0.94824219
1.5143059 832.26807 0.95800781
1.5304672 827.60022 0.96777344
1.5468009 822.91449 0.97753906
1.5633596 819.41522 0.98730469
1.5810823 817.23798 0.99707031
1.5982668 816.41254 1.0068359
1.6146331 813.82178 1.0166016
1.631531  810.0379  1.0263672
1.6464114 807.4491  1.0361328
1.664266  805.28607 1.0458984
1.679497  802.19409 1.0556641
1.6969787 800.33832 1.0654297
1.7130973 800.04474 1.0751953
1.7297142 797.76678 1.0849609
1.7467456 795.97693 1.0947266
1.7628468 794.93811 1.1044922
1.7803516 792.45831 1.1142578
1.7970799 791.83026 1.1240234
1.8137747 789.54309 1.1337891
1.8303649 788.60858 1.1435547
1.8457981 787.13031 1.1533203
1.8618441 785.54407 1.1630859
1.8792877 783.6051  1.1728516
1.8960475 784.45703 1.1826172
1.9131368 782.93744 1.1923828
1.9306755 781.24036 1.2021484
1.9463397 781.60333 1.2119141
1.9629948 779.14294 1.2216797
1.9803329 778.70575 1.2314453
1.9960338 777.0661  1.2412109
2.0139205 777.42328 1.2509766
2.0291426 776.22632 1.2607422
2.0469429 776.16565 1.2705078
2.0625446 773.98157 1.2802734
2.0797741 772.92517 1.2900391
2.0955744 771.53162 1.2998047
2.1119606 770.06323 1.3095703
2.1284261 770.49835 1.3193359
2.1449509 770.28381 1.3291016
2.1624091 769.44446 1.3388672
2.1784837 768.0351  1.3486328
2.1946316 767.86847 1.3583984
2.2131584 765.86969 1.3681641
2.2296078 766.91089 1.3779297
2.2452786 767.52844 1.3876953
2.2622232 765.52484 1.3974609
2.2784004 764.85223 1.4072266
2.2950432 764.34003 1.4169922
2.311023  763.77374 1.4267578
2.3278608 763.1275  1.4365234
2.3450439 763.99115 1.4462891
2.3625054 765.02167 1.4560547
2.3794477 762.96979 1.4658203
2.3956263 762.64246 1.4755859
2.4120858 760.5058  1.4853516
2.4265065 758.46167 1.4951172
2.4433935 759.0603  1.5048828
2.4609292 758.66089 1.5146484
2.4771967 759.2088  1.5244141
2.4938259 757.03571 1.5341797
2.5103047 756.87769 1.5439453
2.5264666 755.50012 1.5537109
2.5436778 755.35461 1.5634766
2.5605652 757.17938 1.5732422
2.5765297 755.86029 1.5830078
2.5945919 756.13159 1.5927734
2.6099324 755.04248 1.6025391
2.6280334 755.14044 1.6123047
2.6440837 753.25647 1.6220703
2.6585019 753.09045 1.6318359
2.6751406 752.11237 1.6416016
2.6934896 754.07013 1.6513672
2.709517  752.12439 1.6611328
2.7267818 751.55212 1.6708984
2.7444146 752.9035  1.6806641
2.7602472 750.39313 1.6904297
2.7762835 751.6972  1.7001953
2.7931192 751.08136 1.7099609
2.8083127 749.19141 1.7197266
2.8243954 749.5199  1.7294922
2.8420649 749.10052 1.7392578
2.8584211 748.83563 1.7490234
2.8749812 748.85632 1.7587891
2.8924356 747.93549 1.7685547
2.907685  748.42786 1.7783203
2.9249375 747.08978 1.7880859
2.9420373 746.76843 1.7978516
2.9593709 747.0921  1.8076172
2.9750526 748.0849  1.8173828
2.9911814 746.45526 1.8271484
3.008194  746.138   1.8369141
3.0256629 746.6402  1.8466797
3.0412455 744.7384  1.8564453
3.0587032 746.0271  1.8662109
3.0749664 743.88776 1.8759766
3.0926113 745.6225  1.8857422
3.1092248 746.14722 1.8955078
3.1262093 744.30823 1.9052734
3.1401005 742.98602 1.9150391
3.1571758 741.84308 1.9248047
3.1736619 741.41577 1.9345703
3.1903305 740.91699 1.9443359
3.2065685 742.21503 1.9541016
3.2231801 741.02734 1.9638672
3.239933  740.85797 1.9736328
3.2555342 741.56451 1.9833984
3.2721202 739.95508 1.9931641
3.2890639 739.98468 2.0029297
3.3062286 740.87573 2.0126953
3.3242736 742.30682 2.0224609
3.3400192 742.77502 2.0322266
3.356303  739.48584 2.0419922
3.372191  740.06946 2.0517578
3.3905931 739.1795  2.0615234
3.4072254 739.70264 2.0712891
3.4231293 739.01367 2.0810547
3.4405124 737.19159 2.0908203
3.4559059 738.42438 2.1005859
3.470803  735.01758 2.1103516
3.4877903 735.84662 2.1201172
3.5059817 736.91516 2.1298828
3.5214081 736.76001 2.1396484
3.5382462 738.21326 2.1494141
3.5548589 737.9599  2.1591797
3.5717118 735.73236 2.1689453
3.589191  736.43884 2.1787109
3.6061406 736.41949 2.1884766
3.6208591 735.62524 2.1982422
3.638978  736.71967 2.2080078
3.6552961 735.66833 2.2177734
3.6721532 734.42383 2.2275391
3.6880393 732.91992 2.2373047
3.7052627 734.30023 2.2470703
3.7207301 732.76477 2.2568359
3.7377787 734.3927  2.2666016
3.7528157 732.9577  2.2763672
3.7690909 731.31024 2.2861328
3.7870202 732.58923 2.2958984
3.8051631 731.35345 2.3056641
3.8213835 732.04974 2.3154297
3.8370409 732.41467 2.3251953
3.854553  731.82697 2.3349609
3.8707297 730.54474 2.3447266
3.887022  730.77466 2.3544922
3.902899  730.60986 2.3642578
3.9201598 730.79541 2.3740234
3.937782  730.33905 2.3837891
3.9545674 730.28662 2.3935547
3.9692347 729.16852 2.4033203
3.9883006 729.80603 2.4130859
4.0043535 728.30286 2.4228516
4.0205488 727.45435 2.4326172
4.0362725 727.05688 2.4423828
4.0537262 726.92114 2.4521484
4.0698891 725.16766 2.4619141
4.085917  724.35846 2.4716797
4.1022058 722.57312 2.4814453
4.1203518 720.98389 2.4912109
4.1366405 719.1264  2.5009766
4.1533079 713.56262 2.5107422
4.1694956 705.74475 2.5205078
4.1853914 698.10266 2.5302734
4.2018533 688.94861 2.5400391
4.2208648 679.32025 2.5498047
4.2379122 661.45953 2.5595703
4.2537103 611.12085 2.5693359
4.2796688 -64.80545 2.5791016
4.2953568 22.10766  2.5888672
4.3057346 38.782207 2.5986328
4.324122  3.6888571 2.6083984
4.3409042 3.7327409 2.6181641
4.3563471 4.3255091 2.6279297
4.3735256 6.6155939 2.6376953
4.3895602 9.4754248 2.6474609
4.4057312 2.4638324 2.6572266
4.4211946 -5.610734 2.6669922
4.4376884 -1.3259798 2.6767578
4.4552894 7.4006615 2.6865234
4.4733701 9.7692757 2.6962891
4.4893765 6.0081482 2.7060547
4.5049214 2.7230382 2.7158203
4.5204291 -1.3101846 2.7255859
4.5380788 -1.8458813 2.7353516
4.5540476 1.9419938 2.7451172
4.5708809 4.7780571 2.7548828
4.5885797 4.7142057 2.7646484
4.6041293 4.4283271 2.7744141
4.6207924 2.10464   2.7841797
4.6360059 1.9577146 2.7939453
4.6552029 0.23812056 2.8037109
4.670208  2.0291657 2.8134766
4.6871781 4.0896235 2.8232422
4.7045288 4.560873  2.8330078
4.72018   4.7829003 2.8427734
4.7363749 3.0534716 2.8525391
4.7536259 1.4230609 2.8623047
4.7689137 1.9282103 2.8720703
4.7851443 3.0732899 2.8818359
4.8016181 2.8149037 2.8916016
4.8201165 2.7341394 2.9013672
4.835906  3.3039598 2.9111328
4.8512225 3.8800387 2.9208984
4.8670344 1.0441989 2.9306641
4.8836379 1.5024096 2.9404297
4.9010696 2.3817272 2.9501953
4.9182134 3.5302341 2.9599609
4.9360614 3.431365  2.9697266
4.9533491 0.97550452 2.9794922
4.9693646 2.754703  2.9892578
4.986084  2.9503555 2.9990234
5.0021591 2.4828315 3.0087891
5.0169654 2.4084001 3.0185547
5.0328388 1.7125905 3.0283203
5.0505767 2.9118359 3.0380859
5.0680594 2.181232  3.0478516
5.0839987 2.4031849 3.0576172
5.099956  2.348423  3.0673828
5.1171155 3.1863899 3.0771484
5.1348305 2.9458106 3.0869141
5.1509228 2.8079748 3.0966797
5.1674275 2.8711557 3.1064453
5.1834683 1.7277896 3.1162109
5.2004061 2.8960407 3.1259766
5.2176843 2.0951033 3.1357422

