G.U.N.T. Gerätebau GmbH
Hanskampring 15-17 , D- 22885 BarsbüttelPhone: +49 40 / 67 08 54 - 0 , Fax: +49 40 / 67 08 54 - 42

Fecha : 28/4/2023	Tiempo: 13:29:55

WP 510	Máquina para ensayo de torsión, 200Nm

Nombre


Comentario


Cálculos
M_tb	11.721156 Nm
tau_tb	0.052060N/mm^2


Valores medidos
#	Ángulo de torsión en deg 	Ángulo de deslizamiento en rad 	Momento de torsión en Nm 	Tensión de cizallamiento en N/mm^2 
1,00	1,00	0,00	0,05	0,00
2,00	2,00	0,00	0,05	0,00
3,00	3,00	0,00	0,16	0,00
4,00	4,10	0,00	0,09	0,00
5,00	5,10	0,01	0,21	0,00
6,00	6,20	0,01	0,13	0,00
7,00	7,20	0,01	0,04	0,00
8,00	8,20	0,01	0,07	0,00
9,00	9,20	0,01	0,30	0,00
10,00	10,20	0,01	0,36	0,00
11,00	11,30	0,01	0,49	0,00
12,00	12,30	0,01	0,43	0,00
13,00	13,30	0,01	0,49	0,00
14,00	14,30	0,02	0,82	0,00
15,00	15,30	0,02	0,95	0,00
16,00	16,40	0,02	1,39	0,01
17,00	17,40	0,02	1,40	0,01
18,00	18,40	0,02	1,86	0,01
19,00	19,40	0,02	2,38	0,01
20,00	20,40	0,02	2,60	0,01
21,00	21,40	0,02	2,85	0,01
22,00	22,50	0,02	3,08	0,01
23,00	23,50	0,03	2,88	0,01
24,00	24,50	0,03	3,28	0,01
25,00	25,50	0,03	3,31	0,01
26,00	26,50	0,03	3,66	0,02
27,00	27,50	0,03	4,09	0,02
28,00	28,50	0,03	4,52	0,02
29,00	29,50	0,03	4,52	0,02
30,00	30,50	0,03	4,50	0,02
31,00	31,50	0,03	4,80	0,02
32,00	32,50	0,04	5,19	0,02
33,00	33,50	0,04	5,45	0,02
34,00	34,50	0,04	5,72	0,03
35,00	35,50	0,04	5,69	0,03
36,00	36,50	0,04	5,91	0,03
37,00	37,50	0,04	6,03	0,03
38,00	38,50	0,04	6,49	0,03
39,00	39,50	0,04	6,88	0,03
40,00	40,50	0,04	6,83	0,03
41,00	41,50	0,05	7,04	0,03
42,00	42,50	0,05	7,35	0,03
43,00	43,50	0,05	7,89	0,04
44,00	44,50	0,05	8,17	0,04
45,00	45,50	0,05	8,58	0,04
46,00	46,50	0,05	8,50	0,04
47,00	47,50	0,05	8,56	0,04
48,00	48,50	0,05	8,66	0,04
49,00	49,50	0,05	8,97	0,04
50,00	50,50	0,06	9,23	0,04
51,00	51,50	0,06	9,47	0,04
52,00	52,50	0,06	9,61	0,04
53,00	53,50	0,06	9,85	0,04
54,00	54,50	0,06	9,78	0,04
55,00	55,50	0,06	9,95	0,04
56,00	56,60	0,06	10,09	0,04
57,00	57,70	0,06	10,57	0,05
58,00	58,70	0,06	10,71	0,05
59,00	59,70	0,07	10,57	0,05
60,00	60,70	0,07	10,61	0,05
61,00	61,70	0,07	10,52	0,05
62,00	62,70	0,07	10,58	0,05
63,00	63,70	0,07	10,68	0,05
64,00	64,80	0,07	10,91	0,05
65,00	65,80	0,07	10,83	0,05
66,00	66,80	0,07	11,15	0,05
67,00	67,80	0,07	11,30	0,05
68,00	68,80	0,08	11,37	0,05
69,00	69,80	0,08	11,48	0,05
70,00	70,80	0,08	11,36	0,05
71,00	71,80	0,08	11,55	0,05
72,00	72,80	0,08	11,56	0,05
73,00	73,80	0,08	11,72	0,05
74,00	74,80	0,08	11,58	0,05
75,00	75,80	0,08	11,32	0,05
76,00	76,80	0,08	11,72	0,05
77,00	77,90	0,09	11,48	0,05
78,00	78,90	0,09	11,69	0,05
79,00	79,90	0,09	11,56	0,05
80,00	80,90	0,09	11,58	0,05
81,00	81,90	0,09	11,44	0,05
82,00	82,90	0,09	11,35	0,05
83,00	83,90	0,09	11,13	0,05
84,00	84,90	0,09	10,38	0,05
85,00	85,90	0,09	10,16	0,05
86,00	86,90	0,10	9,78	0,04
87,00	87,90	0,10	9,58	0,04
88,00	88,90	0,10	9,24	0,04
89,00	89,90	0,10	9,29	0,04
90,00	90,90	0,10	9,04	0,04
91,00	91,90	0,10	8,84	0,04
92,00	92,90	0,10	8,74	0,04
93,00	94,00	0,10	8,85	0,04
94,00	95,00	0,10	8,65	0,04
95,00	96,00	0,11	8,99	0,04
96,00	97,10	0,11	9,17	0,04
97,00	98,10	0,11	9,02	0,04
98,00	99,20	0,11	9,19	0,04
99,00	100,20	0,11	9,38	0,04
100,00	101,20	0,11	9,24	0,04
101,00	102,30	0,11	9,09	0,04
102,00	103,30	0,11	9,05	0,04
103,00	104,30	0,11	8,63	0,04
104,00	105,40	0,12	8,63	0,04
105,00	106,40	0,12	8,52	0,04
106,00	107,40	0,12	8,53	0,04
107,00	108,50	0,12	8,50	0,04
108,00	109,50	0,12	8,46	0,04
109,00	110,60	0,12	8,55	0,04
110,00	111,60	0,12	8,78	0,04
111,00	112,60	0,12	8,90	0,04
112,00	113,70	0,13	8,71	0,04
113,00	114,70	0,13	8,62	0,04
114,00	115,70	0,13	8,79	0,04
115,00	116,80	0,13	8,65	0,04
116,00	117,80	0,13	8,76	0,04
117,00	118,80	0,13	8,60	0,04
118,00	119,90	0,13	9,00	0,04
119,00	120,90	0,13	8,98	0,04
120,00	121,90	0,13	9,07	0,04
121,00	123,00	0,14	8,87	0,04
122,00	124,00	0,14	8,45	0,04
123,00	125,10	0,14	8,27	0,04
124,00	126,10	0,14	8,70	0,04
125,00	127,10	0,14	8,43	0,04
126,00	128,20	0,14	8,43	0,04
127,00	129,20	0,14	8,49	0,04
128,00	130,20	0,14	8,54	0,04
129,00	131,30	0,14	8,68	0,04
130,00	132,30	0,15	8,63	0,04
131,00	133,30	0,15	8,52	0,04
132,00	134,30	0,15	8,15	0,04
133,00	135,30	0,15	8,23	0,04
134,00	136,30	0,15	8,23	0,04
135,00	137,30	0,15	8,04	0,04
136,00	138,30	0,15	8,08	0,04
137,00	139,30	0,15	8,28	0,04
138,00	140,30	0,15	8,23	0,04
139,00	141,30	0,16	8,31	0,04
140,00	142,30	0,16	8,52	0,04
141,00	143,30	0,16	8,38	0,04
142,00	144,30	0,16	8,39	0,04
143,00	145,30	0,16	8,40	0,04
144,00	146,30	0,16	8,41	0,04
145,00	147,30	0,16	8,49	0,04
146,00	148,30	0,16	8,37	0,04
147,00	149,30	0,16	8,47	0,04
148,00	150,30	0,17	8,50	0,04
149,00	151,30	0,17	8,60	0,04
150,00	152,30	0,17	8,64	0,04
151,00	153,30	0,17	8,60	0,04
152,00	154,30	0,17	8,37	0,04
153,00	155,30	0,17	8,50	0,04
154,00	156,30	0,17	8,61	0,04
155,00	157,30	0,17	8,68	0,04
156,00	158,30	0,17	8,59	0,04
157,00	159,30	0,18	8,63	0,04
158,00	160,30	0,18	8,90	0,04
159,00	161,30	0,18	8,97	0,04
160,00	162,40	0,18	8,86	0,04
161,00	163,40	0,18	8,76	0,04
162,00	164,40	0,18	8,49	0,04
163,00	165,50	0,18	8,33	0,04
164,00	166,50	0,18	8,62	0,04
165,00	167,50	0,18	8,59	0,04
166,00	168,50	0,19	8,52	0,04
167,00	169,50	0,19	8,61	0,04
168,00	170,50	0,19	8,46	0,04
169,00	171,50	0,19	8,28	0,04
170,00	172,50	0,19	8,49	0,04
171,00	173,50	0,19	8,40	0,04
172,00	174,50	0,19	8,46	0,04
173,00	175,50	0,19	8,70	0,04
174,00	176,50	0,19	8,51	0,04
175,00	177,50	0,20	8,44	0,04
176,00	178,50	0,20	8,46	0,04
177,00	179,50	0,20	8,36	0,04
178,00	180,50	0,20	8,39	0,04
179,00	181,50	0,20	8,21	0,04
180,00	182,60	0,20	8,25	0,04
181,00	183,70	0,20	8,53	0,04
182,00	184,70	0,20	8,45	0,04
183,00	185,70	0,20	8,24	0,04
184,00	186,70	0,21	8,36	0,04
185,00	187,80	0,21	8,46	0,04
186,00	188,80	0,21	8,24	0,04
187,00	189,80	0,21	8,26	0,04
188,00	190,90	0,21	8,39	0,04
189,00	192,00	0,21	8,40	0,04
190,00	193,10	0,21	8,29	0,04
191,00	194,10	0,21	8,13	0,04
192,00	195,10	0,21	8,35	0,04
193,00	196,20	0,22	8,49	0,04
194,00	197,30	0,22	8,49	0,04
195,00	198,30	0,22	8,53	0,04
196,00	199,30	0,22	8,50	0,04
197,00	200,30	0,22	8,23	0,04
198,00	201,30	0,22	8,36	0,04
199,00	202,40	0,22	8,31	0,04
200,00	203,50	0,22	8,23	0,04
201,00	204,50	0,23	8,26	0,04
202,00	205,50	0,23	8,13	0,04
203,00	206,50	0,23	7,94	0,04
204,00	207,60	0,23	7,95	0,04
205,00	208,60	0,23	8,25	0,04
206,00	209,60	0,23	8,37	0,04
207,00	210,70	0,23	8,18	0,04
208,00	211,80	0,23	8,12	0,04
209,00	212,80	0,23	8,13	0,04
210,00	213,80	0,24	8,07	0,04
211,00	214,80	0,24	8,13	0,04
212,00	215,80	0,24	8,03	0,04
213,00	216,90	0,24	8,22	0,04
214,00	218,00	0,24	8,23	0,04
215,00	219,00	0,24	8,14	0,04
216,00	220,00	0,24	7,93	0,04
217,00	221,10	0,24	7,99	0,04
218,00	222,20	0,24	8,12	0,04
219,00	223,30	0,25	7,98	0,04
220,00	224,30	0,25	8,00	0,04
221,00	225,30	0,25	7,70	0,03
222,00	226,40	0,25	7,92	0,04
223,00	227,50	0,25	8,09	0,04
224,00	228,50	0,25	7,87	0,03
225,00	229,50	0,25	8,12	0,04
226,00	230,50	0,25	7,91	0,04
227,00	231,60	0,25	7,92	0,04
228,00	232,60	0,26	8,08	0,04
229,00	233,60	0,26	7,89	0,04
230,00	234,70	0,26	7,62	0,03
231,00	235,80	0,26	7,70	0,03
232,00	236,80	0,26	7,88	0,04
233,00	237,90	0,26	7,54	0,03
234,00	239,00	0,26	7,61	0,03
235,00	240,00	0,26	7,65	0,03
236,00	241,00	0,27	7,51	0,03
237,00	242,10	0,27	7,46	0,03
238,00	243,20	0,27	7,37	0,03
239,00	244,20	0,27	7,35	0,03
240,00	245,20	0,27	7,03	0,03
241,00	246,20	0,27	5,54	0,02
242,00	247,30	0,27	3,98	0,02
243,00	248,30	0,27	2,88	0,01
244,00	249,30	0,27	2,27	0,01
245,00	250,40	0,28	1,48	0,01
246,00	251,50	0,28	0,91	0,00
247,00	252,60	0,28	0,74	0,00
248,00	253,60	0,28	0,70	0,00
249,00	254,60	0,28	0,35	0,00
250,00	255,70	0,28	0,05	0,00
251,00	256,70	0,28	0,03	0,00
252,00	257,80	0,28	0,04	0,00
253,00	258,90	0,28	0,21	0,00
254,00	260,00	0,29	0,28	0,00
255,00	261,00	0,29	0,40	0,00
256,00	262,00	0,29	0,17	0,00
257,00	263,00	0,29	0,09	0,00
