G.U.N.T. Gerätebau GmbH
Hanskampring 15-17 , D- 22885 BarsbüttelPhone: +49 40 / 67 08 54 - 0 , Fax: +49 40 / 67 08 54 - 42

Fecha : 28/4/2023	Tiempo: 10:47:41

WP 510	Máquina para ensayo de torsión, 200Nm

Nombre


Comentario


Cálculos
M_tb	12.853714 Nm
tau_tb	0.057090N/mm^2


Valores medidos
#	Ángulo de torsión en deg 	Ángulo de deslizamiento en rad 	Momento de torsión en Nm 	Tensión de cizallamiento en N/mm^2 
1,00	1,00	0,00	0,15	0,00
2,00	2,00	0,00	0,11	0,00
3,00	3,00	0,00	0,30	0,00
4,00	4,10	0,00	0,33	0,00
5,00	5,10	0,01	0,34	0,00
6,00	6,20	0,01	0,58	0,00
7,00	7,20	0,01	0,94	0,00
8,00	8,20	0,01	1,12	0,00
9,00	9,20	0,01	1,43	0,01
10,00	10,20	0,01	1,62	0,01
11,00	11,30	0,01	1,73	0,01
12,00	12,30	0,01	2,01	0,01
13,00	13,30	0,01	2,39	0,01
14,00	14,30	0,02	2,66	0,01
15,00	15,30	0,02	2,93	0,01
16,00	16,40	0,02	3,23	0,01
17,00	17,40	0,02	3,71	0,02
18,00	18,40	0,02	4,09	0,02
19,00	19,40	0,02	4,38	0,02
20,00	20,40	0,02	4,84	0,02
21,00	21,40	0,02	4,99	0,02
22,00	22,50	0,02	5,39	0,02
23,00	23,50	0,03	5,77	0,03
24,00	24,50	0,03	6,22	0,03
25,00	25,50	0,03	6,39	0,03
26,00	26,50	0,03	6,75	0,03
27,00	27,50	0,03	7,14	0,03
28,00	28,50	0,03	7,54	0,03
29,00	29,50	0,03	7,66	0,03
30,00	30,50	0,03	7,81	0,03
31,00	31,50	0,03	8,33	0,04
32,00	32,50	0,04	8,55	0,04
33,00	33,50	0,04	9,01	0,04
34,00	34,50	0,04	9,33	0,04
35,00	35,50	0,04	9,41	0,04
36,00	36,50	0,04	9,64	0,04
37,00	37,50	0,04	9,87	0,04
38,00	38,50	0,04	10,12	0,04
39,00	39,50	0,04	10,28	0,05
40,00	40,50	0,04	10,22	0,05
41,00	41,50	0,05	10,45	0,05
42,00	42,50	0,05	10,68	0,05
43,00	43,50	0,05	10,96	0,05
44,00	44,50	0,05	11,19	0,05
45,00	45,50	0,05	11,30	0,05
46,00	46,50	0,05	11,20	0,05
47,00	47,50	0,05	11,47	0,05
48,00	48,50	0,05	11,77	0,05
49,00	49,50	0,05	11,84	0,05
50,00	50,50	0,06	11,73	0,05
51,00	51,50	0,06	11,76	0,05
52,00	52,50	0,06	12,00	0,05
53,00	53,50	0,06	11,92	0,05
54,00	54,50	0,06	12,17	0,05
55,00	55,50	0,06	12,08	0,05
56,00	56,60	0,06	12,17	0,05
57,00	57,70	0,06	12,15	0,05
58,00	58,70	0,06	12,25	0,05
59,00	59,70	0,07	12,32	0,05
60,00	60,70	0,07	12,54	0,06
61,00	61,70	0,07	12,56	0,06
62,00	62,70	0,07	12,48	0,06
63,00	63,70	0,07	12,53	0,06
64,00	64,80	0,07	12,50	0,06
65,00	65,80	0,07	12,44	0,06
66,00	66,80	0,07	12,41	0,06
67,00	67,80	0,07	12,17	0,05
68,00	68,80	0,08	12,41	0,06
69,00	69,80	0,08	12,28	0,05
70,00	70,80	0,08	12,49	0,06
71,00	71,80	0,08	12,51	0,06
72,00	72,80	0,08	12,61	0,06
73,00	73,80	0,08	12,79	0,06
74,00	74,80	0,08	12,70	0,06
75,00	75,80	0,08	12,56	0,06
76,00	76,80	0,08	12,55	0,06
77,00	77,90	0,09	12,42	0,06
78,00	78,90	0,09	12,46	0,06
79,00	79,90	0,09	12,56	0,06
80,00	80,90	0,09	12,40	0,06
81,00	81,90	0,09	12,49	0,06
82,00	82,90	0,09	12,59	0,06
83,00	83,90	0,09	12,52	0,06
84,00	84,90	0,09	12,73	0,06
85,00	85,90	0,09	12,68	0,06
86,00	86,90	0,10	12,69	0,06
87,00	87,90	0,10	12,65	0,06
88,00	88,90	0,10	12,66	0,06
89,00	89,90	0,10	12,70	0,06
90,00	90,90	0,10	12,85	0,06
91,00	91,90	0,10	12,70	0,06
92,00	92,90	0,10	12,66	0,06
93,00	94,00	0,10	12,79	0,06
94,00	95,00	0,10	12,62	0,06
95,00	96,00	0,11	12,65	0,06
96,00	97,10	0,11	12,67	0,06
97,00	98,10	0,11	12,61	0,06
98,00	99,20	0,11	12,62	0,06
99,00	100,20	0,11	12,64	0,06
100,00	101,20	0,11	12,62	0,06
101,00	102,30	0,11	12,41	0,06
102,00	103,30	0,11	12,38	0,05
103,00	104,30	0,11	12,24	0,05
104,00	105,40	0,12	12,42	0,06
105,00	106,40	0,12	12,52	0,06
106,00	107,40	0,12	12,53	0,06
107,00	108,50	0,12	12,53	0,06
108,00	109,50	0,12	12,40	0,06
109,00	110,60	0,12	12,36	0,05
110,00	111,60	0,12	12,13	0,05
111,00	112,60	0,12	12,11	0,05
112,00	113,70	0,13	12,15	0,05
113,00	114,70	0,13	12,20	0,05
114,00	115,70	0,13	12,19	0,05
115,00	116,80	0,13	12,20	0,05
116,00	117,80	0,13	12,48	0,06
117,00	118,80	0,13	12,35	0,05
118,00	119,90	0,13	12,35	0,05
119,00	120,90	0,13	12,36	0,05
120,00	121,90	0,13	12,56	0,06
121,00	123,00	0,14	12,20	0,05
122,00	124,00	0,14	12,34	0,05
123,00	125,10	0,14	12,52	0,06
124,00	126,10	0,14	12,22	0,05
125,00	127,10	0,14	12,31	0,05
126,00	128,20	0,14	12,23	0,05
127,00	129,20	0,14	12,16	0,05
128,00	130,20	0,14	12,38	0,05
129,00	131,30	0,14	12,19	0,05
130,00	132,30	0,15	12,18	0,05
131,00	133,30	0,15	12,10	0,05
132,00	134,30	0,15	12,07	0,05
133,00	135,30	0,15	12,25	0,05
134,00	136,30	0,15	12,15	0,05
135,00	137,30	0,15	12,11	0,05
136,00	138,30	0,15	12,17	0,05
137,00	139,30	0,15	12,41	0,06
138,00	140,30	0,15	12,36	0,05
139,00	141,30	0,16	12,34	0,05
140,00	142,30	0,16	12,27	0,05
141,00	143,30	0,16	12,43	0,06
142,00	144,30	0,16	12,33	0,05
143,00	145,30	0,16	12,39	0,06
144,00	146,30	0,16	12,41	0,06
145,00	147,30	0,16	12,33	0,05
146,00	148,30	0,16	12,50	0,06
147,00	149,30	0,16	12,42	0,06
148,00	150,30	0,17	12,37	0,05
149,00	151,30	0,17	12,39	0,06
150,00	152,30	0,17	12,57	0,06
151,00	153,30	0,17	12,56	0,06
152,00	154,30	0,17	12,40	0,06
153,00	155,30	0,17	12,36	0,05
154,00	156,30	0,17	12,10	0,05
155,00	157,30	0,17	11,94	0,05
156,00	158,30	0,17	12,09	0,05
157,00	159,30	0,18	12,16	0,05
158,00	160,30	0,18	12,20	0,05
159,00	161,30	0,18	12,23	0,05
160,00	162,40	0,18	12,19	0,05
161,00	163,40	0,18	12,41	0,06
162,00	164,40	0,18	12,36	0,05
163,00	165,50	0,18	12,11	0,05
164,00	166,50	0,18	12,04	0,05
165,00	167,50	0,18	12,00	0,05
166,00	168,50	0,19	12,21	0,05
167,00	169,50	0,19	11,98	0,05
168,00	170,50	0,19	12,10	0,05
169,00	171,50	0,19	12,21	0,05
170,00	172,50	0,19	12,07	0,05
171,00	173,50	0,19	11,96	0,05
172,00	174,50	0,19	12,05	0,05
173,00	175,50	0,19	11,89	0,05
174,00	176,50	0,19	11,67	0,05
175,00	177,50	0,20	11,90	0,05
176,00	178,50	0,20	12,12	0,05
177,00	179,50	0,20	12,25	0,05
178,00	180,50	0,20	12,13	0,05
179,00	181,50	0,20	12,14	0,05
180,00	182,60	0,20	12,14	0,05
181,00	183,70	0,20	12,07	0,05
182,00	184,70	0,20	12,04	0,05
183,00	185,70	0,20	12,04	0,05
184,00	186,70	0,21	9,60	0,04
185,00	187,80	0,21	6,95	0,03
186,00	188,80	0,21	5,08	0,02
187,00	189,80	0,21	3,62	0,02
188,00	190,90	0,21	2,40	0,01
189,00	192,00	0,21	1,58	0,01
190,00	193,10	0,21	1,24	0,01
191,00	194,10	0,21	1,16	0,01
192,00	195,10	0,21	0,97	0,00
193,00	196,20	0,22	0,69	0,00
194,00	197,30	0,22	0,46	0,00
195,00	198,30	0,22	0,31	0,00
