G.U.N.T. Gerätebau GmbH
Hanskampring 15-17 , D- 22885 BarsbüttelPhone: +49 40 / 67 08 54 - 0 , Fax: +49 40 / 67 08 54 - 42

Fecha : 19/4/2023	Tiempo: 09:30:51

WP 510	Máquina para ensayo de torsión, 200Nm

Nombre


Comentario


Cálculos
M_tb	11.987345 Nm
tau_tb	0.053242N/mm^2


Valores medidos
#	Ángulo de torsión en deg 	Ángulo de deslizamiento en rad 	Momento de torsión en Nm 	Tensión de cizallamiento en N/mm^2 
1,00	1,00	0,00	0,09	0,00
2,00	2,00	0,00	0,21	0,00
3,00	3,00	0,00	0,12	0,00
4,00	4,10	0,00	0,11	0,00
5,00	5,10	0,01	0,26	0,00
6,00	6,20	0,01	0,62	0,00
7,00	7,20	0,01	0,33	0,00
8,00	8,20	0,01	0,51	0,00
9,00	9,20	0,01	0,82	0,00
10,00	10,20	0,01	1,01	0,00
11,00	11,30	0,01	1,11	0,00
12,00	12,30	0,01	1,58	0,01
13,00	13,30	0,01	1,69	0,01
14,00	14,30	0,01	1,97	0,01
15,00	15,30	0,02	2,44	0,01
16,00	16,40	0,02	2,52	0,01
17,00	17,40	0,02	2,88	0,01
18,00	18,40	0,02	3,33	0,01
19,00	19,40	0,02	3,32	0,01
20,00	20,40	0,02	3,48	0,02
21,00	21,40	0,02	3,93	0,02
22,00	22,50	0,02	4,15	0,02
23,00	23,50	0,02	4,38	0,02
24,00	24,50	0,03	4,79	0,02
25,00	25,50	0,03	4,93	0,02
26,00	26,50	0,03	5,05	0,02
27,00	27,50	0,03	5,30	0,02
28,00	28,50	0,03	5,73	0,03
29,00	29,50	0,03	5,97	0,03
30,00	30,50	0,03	6,16	0,03
31,00	31,50	0,03	6,30	0,03
32,00	32,50	0,03	6,62	0,03
33,00	33,50	0,03	6,73	0,03
34,00	34,50	0,04	7,09	0,03
35,00	35,50	0,04	7,60	0,03
36,00	36,50	0,04	7,72	0,03
37,00	37,50	0,04	7,79	0,03
38,00	38,50	0,04	7,85	0,03
39,00	39,50	0,04	8,23	0,04
40,00	40,50	0,04	8,14	0,04
41,00	41,50	0,04	8,33	0,04
42,00	42,50	0,04	8,50	0,04
43,00	43,50	0,05	8,48	0,04
44,00	44,50	0,05	8,75	0,04
45,00	45,50	0,05	8,91	0,04
46,00	46,50	0,05	9,13	0,04
47,00	47,50	0,05	9,21	0,04
48,00	48,50	0,05	9,21	0,04
49,00	49,50	0,05	9,65	0,04
50,00	50,50	0,05	9,85	0,04
51,00	51,50	0,05	10,07	0,04
52,00	52,50	0,05	9,98	0,04
53,00	53,50	0,06	9,94	0,04
54,00	54,50	0,06	9,99	0,04
55,00	55,50	0,06	10,10	0,04
56,00	56,60	0,06	10,43	0,05
57,00	57,70	0,06	10,76	0,05
58,00	58,70	0,06	10,70	0,05
59,00	59,70	0,06	10,70	0,05
60,00	60,70	0,06	10,81	0,05
61,00	61,70	0,06	11,03	0,05
62,00	62,70	0,06	11,15	0,05
63,00	63,70	0,07	11,22	0,05
64,00	64,80	0,07	11,22	0,05
65,00	65,80	0,07	11,32	0,05
66,00	66,80	0,07	11,19	0,05
67,00	67,80	0,07	11,36	0,05
68,00	68,80	0,07	11,52	0,05
69,00	69,80	0,07	11,71	0,05
70,00	70,80	0,07	11,73	0,05
71,00	71,80	0,07	11,99	0,05
72,00	72,80	0,08	11,83	0,05
73,00	73,80	0,08	11,82	0,05
74,00	74,80	0,08	11,64	0,05
75,00	75,80	0,08	11,62	0,05
76,00	76,80	0,08	11,76	0,05
77,00	77,90	0,08	11,71	0,05
78,00	78,90	0,08	11,61	0,05
79,00	79,90	0,08	11,49	0,05
80,00	80,90	0,08	11,56	0,05
81,00	81,90	0,08	11,50	0,05
82,00	82,90	0,09	11,55	0,05
83,00	83,90	0,09	11,51	0,05
84,00	84,90	0,09	11,61	0,05
85,00	85,90	0,09	11,55	0,05
86,00	86,90	0,09	11,51	0,05
87,00	87,90	0,09	11,44	0,05
88,00	88,90	0,09	11,42	0,05
89,00	89,90	0,09	11,46	0,05
90,00	90,90	0,09	11,43	0,05
91,00	91,90	0,10	11,38	0,05
92,00	92,90	0,10	11,48	0,05
93,00	94,00	0,10	11,44	0,05
94,00	95,00	0,10	11,38	0,05
95,00	96,00	0,10	11,34	0,05
96,00	97,10	0,10	11,31	0,05
97,00	98,10	0,10	11,49	0,05
98,00	99,20	0,10	11,38	0,05
99,00	100,20	0,10	11,35	0,05
100,00	101,20	0,10	11,34	0,05
101,00	102,30	0,11	11,47	0,05
102,00	103,30	0,11	11,51	0,05
103,00	104,30	0,11	11,51	0,05
104,00	105,40	0,11	11,39	0,05
105,00	106,40	0,11	11,29	0,05
106,00	107,40	0,11	11,28	0,05
107,00	108,50	0,11	11,26	0,05
108,00	109,50	0,11	11,22	0,05
109,00	110,60	0,11	11,21	0,05
110,00	111,60	0,12	11,16	0,05
111,00	112,60	0,12	11,30	0,05
112,00	113,70	0,12	11,07	0,05
113,00	114,70	0,12	11,14	0,05
114,00	115,70	0,12	11,29	0,05
115,00	116,80	0,12	11,39	0,05
116,00	117,80	0,12	11,44	0,05
117,00	118,80	0,12	11,19	0,05
118,00	119,90	0,12	11,08	0,05
119,00	120,90	0,13	11,32	0,05
120,00	121,90	0,13	11,27	0,05
121,00	123,00	0,13	11,44	0,05
122,00	124,00	0,13	11,29	0,05
123,00	125,10	0,13	11,21	0,05
124,00	126,10	0,13	11,32	0,05
125,00	127,10	0,13	11,22	0,05
126,00	128,20	0,13	11,47	0,05
127,00	129,20	0,13	11,67	0,05
128,00	130,20	0,13	11,57	0,05
129,00	131,30	0,14	11,49	0,05
130,00	132,30	0,14	11,49	0,05
131,00	133,30	0,14	11,52	0,05
132,00	134,30	0,14	11,50	0,05
133,00	135,30	0,14	11,49	0,05
134,00	136,30	0,14	11,65	0,05
135,00	137,30	0,14	11,52	0,05
136,00	138,30	0,14	11,47	0,05
137,00	139,30	0,14	11,61	0,05
138,00	140,30	0,15	11,43	0,05
139,00	141,30	0,15	11,66	0,05
140,00	142,30	0,15	11,50	0,05
141,00	143,30	0,15	11,59	0,05
142,00	144,30	0,15	11,43	0,05
143,00	145,30	0,15	11,34	0,05
144,00	146,30	0,15	11,47	0,05
145,00	147,30	0,15	11,48	0,05
146,00	148,30	0,15	11,37	0,05
147,00	149,30	0,15	11,29	0,05
148,00	150,30	0,16	11,31	0,05
149,00	151,30	0,16	11,07	0,05
150,00	152,30	0,16	11,12	0,05
151,00	153,30	0,16	11,20	0,05
152,00	154,30	0,16	10,98	0,05
153,00	155,30	0,16	11,07	0,05
154,00	156,30	0,16	10,87	0,05
155,00	157,30	0,16	10,99	0,05
156,00	158,30	0,16	11,02	0,05
157,00	159,30	0,16	10,89	0,05
158,00	160,30	0,17	10,97	0,05
159,00	161,30	0,17	11,17	0,05
160,00	162,40	0,17	11,15	0,05
161,00	163,40	0,17	11,09	0,05
162,00	164,40	0,17	11,29	0,05
163,00	165,50	0,17	11,31	0,05
164,00	166,50	0,17	11,20	0,05
165,00	167,50	0,17	11,34	0,05
166,00	168,50	0,17	11,17	0,05
167,00	169,50	0,18	11,10	0,05
168,00	170,50	0,18	11,20	0,05
169,00	171,50	0,18	11,01	0,05
170,00	172,50	0,18	11,07	0,05
171,00	173,50	0,18	10,79	0,05
172,00	174,50	0,18	10,86	0,05
173,00	175,50	0,18	10,92	0,05
174,00	176,50	0,18	10,90	0,05
175,00	177,50	0,18	10,90	0,05
176,00	178,50	0,18	11,08	0,05
177,00	179,50	0,19	11,03	0,05
178,00	180,50	0,19	11,11	0,05
179,00	181,50	0,19	10,89	0,05
180,00	182,60	0,19	10,78	0,05
181,00	183,70	0,19	10,75	0,05
182,00	184,70	0,19	10,82	0,05
183,00	185,70	0,19	10,91	0,05
184,00	186,70	0,19	11,03	0,05
185,00	187,80	0,19	11,09	0,05
186,00	188,80	0,20	10,98	0,05
187,00	189,80	0,20	10,97	0,05
188,00	190,90	0,20	10,91	0,05
189,00	192,00	0,20	11,04	0,05
190,00	193,10	0,20	10,96	0,05
191,00	194,10	0,20	10,93	0,05
192,00	195,10	0,20	10,85	0,05
193,00	196,20	0,20	10,91	0,05
194,00	197,30	0,20	10,87	0,05
195,00	198,30	0,21	11,10	0,05
196,00	199,30	0,21	11,11	0,05
197,00	200,30	0,21	11,26	0,05
198,00	201,30	0,21	11,18	0,05
199,00	202,40	0,21	11,16	0,05
200,00	203,50	0,21	10,85	0,05
201,00	204,50	0,21	11,00	0,05
202,00	205,50	0,21	11,02	0,05
203,00	206,50	0,21	11,16	0,05
204,00	207,60	0,21	11,05	0,05
205,00	208,60	0,22	11,06	0,05
206,00	209,60	0,22	10,82	0,05
207,00	210,70	0,22	10,70	0,05
208,00	211,80	0,22	10,75	0,05
209,00	212,80	0,22	10,79	0,05
210,00	213,80	0,22	10,68	0,05
211,00	214,80	0,22	10,72	0,05
212,00	215,80	0,22	10,82	0,05
213,00	216,90	0,22	10,91	0,05
214,00	218,00	0,23	11,02	0,05
215,00	219,00	0,23	10,93	0,05
216,00	220,00	0,23	10,97	0,05
217,00	221,10	0,23	10,77	0,05
218,00	222,20	0,23	10,76	0,05
219,00	223,30	0,23	10,94	0,05
220,00	224,30	0,23	11,00	0,05
221,00	225,30	0,23	10,93	0,05
222,00	226,40	0,23	11,12	0,05
223,00	227,50	0,24	10,99	0,05
224,00	228,50	0,24	11,08	0,05
225,00	229,50	0,24	11,06	0,05
226,00	230,50	0,24	11,27	0,05
227,00	231,60	0,24	11,35	0,05
228,00	232,60	0,24	11,34	0,05
229,00	233,60	0,24	11,31	0,05
230,00	234,70	0,24	11,00	0,05
231,00	235,80	0,24	11,05	0,05
232,00	236,80	0,25	11,06	0,05
233,00	237,90	0,25	10,88	0,05
234,00	239,00	0,25	10,99	0,05
235,00	240,00	0,25	11,00	0,05
236,00	241,00	0,25	11,12	0,05
237,00	242,10	0,25	11,02	0,05
238,00	243,20	0,25	10,90	0,05
239,00	244,20	0,25	10,92	0,05
240,00	245,20	0,25	10,88	0,05
241,00	246,20	0,25	10,92	0,05
242,00	247,30	0,26	11,04	0,05
243,00	248,30	0,26	11,10	0,05
244,00	249,30	0,26	11,24	0,05
245,00	250,40	0,26	11,19	0,05
246,00	251,50	0,26	11,28	0,05
247,00	252,60	0,26	11,13	0,05
248,00	253,60	0,26	11,10	0,05
249,00	254,60	0,26	11,02	0,05
250,00	255,70	0,26	10,90	0,05
251,00	256,70	0,27	10,85	0,05
252,00	257,80	0,27	10,80	0,05
253,00	258,90	0,27	10,78	0,05
254,00	260,00	0,27	10,85	0,05
255,00	261,00	0,27	10,92	0,05
256,00	262,00	0,27	11,00	0,05
257,00	263,00	0,27	10,90	0,05
258,00	264,00	0,27	10,93	0,05
259,00	265,00	0,27	11,07	0,05
260,00	266,00	0,28	11,14	0,05
261,00	267,00	0,28	11,22	0,05
262,00	268,00	0,28	11,21	0,05
263,00	269,00	0,28	11,12	0,05
264,00	270,00	0,28	11,14	0,05
265,00	271,00	0,28	11,03	0,05
266,00	272,00	0,28	10,98	0,05
267,00	273,00	0,28	11,00	0,05
268,00	274,00	0,28	11,11	0,05
269,00	275,00	0,28	11,13	0,05
270,00	276,00	0,29	11,27	0,05
271,00	277,00	0,29	11,19	0,05
272,00	278,00	0,29	11,26	0,05
273,00	279,00	0,29	11,21	0,05
274,00	280,00	0,29	11,42	0,05
275,00	281,00	0,29	11,35	0,05
276,00	282,00	0,29	11,14	0,05
277,00	283,00	0,29	11,19	0,05
278,00	284,00	0,29	10,99	0,05
279,00	285,00	0,29	10,98	0,05
280,00	286,00	0,30	11,19	0,05
281,00	287,00	0,30	11,05	0,05
282,00	288,00	0,30	11,20	0,05
283,00	289,00	0,30	11,14	0,05
284,00	290,00	0,30	11,03	0,05
285,00	291,00	0,30	11,24	0,05
286,00	292,00	0,30	11,21	0,05
287,00	293,00	0,30	11,22	0,05
288,00	294,00	0,30	11,30	0,05
289,00	295,00	0,31	11,22	0,05
290,00	296,00	0,31	11,11	0,05
291,00	297,00	0,31	10,91	0,05
292,00	298,00	0,31	10,89	0,05
293,00	299,00	0,31	11,08	0,05
294,00	300,00	0,31	11,00	0,05
295,00	301,00	0,31	10,96	0,05
296,00	302,00	0,31	11,10	0,05
297,00	303,00	0,31	11,05	0,05
298,00	304,00	0,31	11,06	0,05
299,00	305,00	0,32	11,22	0,05
300,00	306,00	0,32	11,07	0,05
301,00	307,00	0,32	11,12	0,05
302,00	308,00	0,32	11,14	0,05
303,00	309,00	0,32	11,22	0,05
304,00	310,00	0,32	11,17	0,05
305,00	311,00	0,32	11,22	0,05
306,00	312,00	0,32	11,20	0,05
307,00	313,00	0,32	11,21	0,05
308,00	314,00	0,32	11,39	0,05
309,00	315,00	0,33	11,07	0,05
310,00	316,00	0,33	11,26	0,05
311,00	317,00	0,33	11,16	0,05
312,00	318,00	0,33	11,21	0,05
313,00	319,00	0,33	11,37	0,05
314,00	320,00	0,33	11,17	0,05
315,00	321,00	0,33	11,10	0,05
316,00	322,00	0,33	11,27	0,05
317,00	323,00	0,33	11,45	0,05
318,00	324,00	0,34	11,19	0,05
319,00	325,00	0,34	11,07	0,05
320,00	326,00	0,34	10,99	0,05
321,00	327,00	0,34	10,99	0,05
322,00	328,00	0,34	10,83	0,05
323,00	329,00	0,34	11,02	0,05
324,00	330,00	0,34	11,04	0,05
325,00	331,00	0,34	10,98	0,05
326,00	332,00	0,34	11,13	0,05
327,00	333,00	0,34	11,27	0,05
328,00	334,00	0,35	11,27	0,05
329,00	335,00	0,35	11,20	0,05
330,00	336,00	0,35	11,28	0,05
331,00	337,00	0,35	11,21	0,05
332,00	338,00	0,35	10,93	0,05
333,00	339,00	0,35	11,00	0,05
334,00	340,00	0,35	10,89	0,05
335,00	341,00	0,35	11,16	0,05
336,00	342,00	0,35	11,34	0,05
337,00	343,00	0,36	11,25	0,05
338,00	344,00	0,36	10,96	0,05
339,00	345,00	0,36	10,81	0,05
340,00	346,00	0,36	10,78	0,05
341,00	347,00	0,36	10,89	0,05
342,00	348,00	0,36	10,92	0,05
343,00	349,00	0,36	10,97	0,05
344,00	350,00	0,36	10,81	0,05
345,00	351,00	0,36	10,67	0,05
346,00	352,00	0,36	10,86	0,05
347,00	353,00	0,37	10,79	0,05
348,00	354,00	0,37	10,77	0,05
349,00	355,00	0,37	10,56	0,05
350,00	356,00	0,37	10,72	0,05
351,00	357,00	0,37	10,75	0,05
352,00	358,00	0,37	10,78	0,05
353,00	359,00	0,37	11,00	0,05
354,00	360,00	0,37	11,08	0,05
355,00	361,00	0,37	11,10	0,05
356,00	362,10	0,37	11,22	0,05
357,00	363,20	0,38	11,22	0,05
358,00	364,20	0,38	11,01	0,05
359,00	365,20	0,38	11,06	0,05
360,00	366,30	0,38	10,98	0,05
361,00	367,40	0,38	10,80	0,05
362,00	368,40	0,38	10,80	0,05
363,00	369,40	0,38	10,72	0,05
364,00	370,40	0,38	10,70	0,05
365,00	371,50	0,38	10,58	0,05
366,00	372,50	0,39	10,64	0,05
367,00	373,50	0,39	10,85	0,05
368,00	374,60	0,39	10,95	0,05
369,00	375,70	0,39	10,97	0,05
370,00	376,70	0,39	10,86	0,05
371,00	377,70	0,39	10,77	0,05
372,00	378,70	0,39	10,81	0,05
373,00	379,80	0,39	10,95	0,05
374,00	380,80	0,39	11,06	0,05
375,00	381,80	0,40	10,93	0,05
376,00	382,90	0,40	10,97	0,05
377,00	384,00	0,40	10,82	0,05
378,00	385,10	0,40	10,71	0,05
379,00	386,10	0,40	10,79	0,05
380,00	387,10	0,40	10,93	0,05
381,00	388,20	0,40	10,74	0,05
382,00	389,30	0,40	10,96	0,05
383,00	390,40	0,40	11,01	0,05
384,00	391,40	0,41	10,95	0,05
385,00	392,40	0,41	10,83	0,05
386,00	393,50	0,41	10,96	0,05
387,00	394,60	0,41	11,01	0,05
388,00	395,60	0,41	11,22	0,05
389,00	396,60	0,41	11,15	0,05
390,00	397,60	0,41	11,01	0,05
391,00	398,70	0,41	11,04	0,05
392,00	399,70	0,41	11,02	0,05
393,00	400,70	0,41	11,09	0,05
394,00	401,80	0,42	11,09	0,05
395,00	402,90	0,42	10,85	0,05
396,00	403,90	0,42	10,93	0,05
397,00	404,90	0,42	10,89	0,05
398,00	405,90	0,42	10,82	0,05
399,00	407,00	0,42	10,90	0,05
400,00	408,00	0,42	10,98	0,05
401,00	409,00	0,42	10,90	0,05
402,00	410,10	0,42	10,95	0,05
403,00	411,20	0,43	11,10	0,05
404,00	412,20	0,43	11,01	0,05
405,00	413,20	0,43	10,87	0,05
406,00	414,20	0,43	10,74	0,05
407,00	415,30	0,43	10,82	0,05
408,00	416,30	0,43	10,71	0,05
409,00	417,30	0,43	10,48	0,05
410,00	418,40	0,43	10,52	0,05
411,00	419,50	0,43	10,77	0,05
412,00	420,50	0,44	10,79	0,05
413,00	421,50	0,44	10,92	0,05
414,00	422,50	0,44	11,08	0,05
415,00	423,60	0,44	11,06	0,05
416,00	424,60	0,44	10,85	0,05
417,00	425,60	0,44	10,80	0,05
418,00	426,70	0,44	10,64	0,05
419,00	427,80	0,44	10,64	0,05
420,00	428,80	0,44	10,58	0,05
421,00	429,80	0,44	10,72	0,05
422,00	430,80	0,45	10,72	0,05
423,00	431,90	0,45	10,62	0,05
424,00	432,90	0,45	10,71	0,05
425,00	433,90	0,45	10,87	0,05
426,00	435,00	0,45	11,03	0,05
427,00	436,00	0,45	11,01	0,05
428,00	437,00	0,45	10,91	0,05
429,00	438,00	0,45	11,05	0,05
430,00	439,10	0,45	11,00	0,05
431,00	440,20	0,46	10,97	0,05
432,00	441,30	0,46	11,01	0,05
433,00	442,30	0,46	10,82	0,05
434,00	443,30	0,46	10,88	0,05
435,00	444,40	0,46	10,91	0,05
436,00	445,40	0,46	10,92	0,05
437,00	446,40	0,46	10,86	0,05
438,00	447,40	0,46	11,01	0,05
439,00	448,50	0,46	11,09	0,05
440,00	449,60	0,47	11,13	0,05
441,00	450,60	0,47	11,05	0,05
442,00	451,60	0,47	11,03	0,05
443,00	452,70	0,47	11,18	0,05
444,00	453,70	0,47	11,47	0,05
445,00	454,70	0,47	11,42	0,05
446,00	455,70	0,47	11,21	0,05
447,00	456,80	0,47	10,94	0,05
448,00	457,90	0,47	10,99	0,05
449,00	458,90	0,47	11,08	0,05
450,00	459,90	0,48	11,24	0,05
451,00	461,00	0,48	11,19	0,05
452,00	462,00	0,48	11,35	0,05
453,00	463,00	0,48	11,23	0,05
454,00	464,00	0,48	11,41	0,05
455,00	465,00	0,48	11,34	0,05
456,00	466,00	0,48	11,12	0,05
457,00	467,00	0,48	11,38	0,05
458,00	468,10	0,48	11,18	0,05
459,00	469,10	0,49	11,28	0,05
460,00	470,10	0,49	11,31	0,05
461,00	471,10	0,49	11,34	0,05
462,00	472,20	0,49	11,31	0,05
463,00	473,30	0,49	11,15	0,05
464,00	474,30	0,49	10,90	0,05
465,00	475,30	0,49	10,92	0,05
466,00	476,40	0,49	11,08	0,05
467,00	477,40	0,49	11,04	0,05
468,00	478,40	0,50	11,26	0,05
469,00	479,40	0,50	11,14	0,05
470,00	480,50	0,50	11,24	0,05
471,00	481,60	0,50	11,09	0,05
472,00	482,60	0,50	11,17	0,05
473,00	483,60	0,50	11,39	0,05
474,00	484,70	0,50	11,36	0,05
475,00	485,70	0,50	11,33	0,05
476,00	486,70	0,50	11,21	0,05
477,00	487,70	0,50	11,17	0,05
478,00	488,80	0,51	11,07	0,05
479,00	489,90	0,51	11,22	0,05
480,00	491,00	0,51	11,34	0,05
481,00	492,00	0,51	11,43	0,05
482,00	493,10	0,51	11,27	0,05
483,00	494,20	0,51	11,26	0,05
484,00	495,30	0,51	11,22	0,05
485,00	496,30	0,51	11,36	0,05
486,00	497,30	0,51	11,29	0,05
487,00	498,30	0,52	11,20	0,05
488,00	499,40	0,52	11,46	0,05
489,00	500,50	0,52	11,71	0,05
490,00	501,50	0,52	11,47	0,05
491,00	502,50	0,52	11,42	0,05
492,00	503,50	0,52	11,51	0,05
493,00	504,50	0,52	11,50	0,05
494,00	505,50	0,52	11,44	0,05
495,00	506,50	0,52	11,47	0,05
496,00	507,60	0,53	11,45	0,05
497,00	508,60	0,53	11,36	0,05
498,00	509,60	0,53	11,40	0,05
499,00	510,70	0,53	11,61	0,05
500,00	511,70	0,53	11,66	0,05
501,00	512,70	0,53	11,71	0,05
502,00	513,70	0,53	11,75	0,05
503,00	514,70	0,53	11,81	0,05
504,00	515,70	0,53	11,76	0,05
505,00	516,70	0,53	11,51	0,05
506,00	517,70	0,54	11,50	0,05
507,00	518,70	0,54	11,53	0,05
508,00	519,70	0,54	11,57	0,05
509,00	520,70	0,54	11,73	0,05
510,00	521,70	0,54	11,88	0,05
511,00	522,70	0,54	11,79	0,05
512,00	523,80	0,54	11,53	0,05
513,00	524,80	0,54	11,52	0,05
514,00	525,80	0,54	11,46	0,05
515,00	526,80	0,55	11,38	0,05
516,00	527,80	0,55	11,41	0,05
517,00	528,90	0,55	8,46	0,04
518,00	529,90	0,55	6,04	0,03
519,00	530,90	0,55	4,28	0,02
520,00	532,00	0,55	2,99	0,01
521,00	533,00	0,55	2,31	0,01
522,00	534,00	0,55	1,77	0,01
523,00	535,00	0,55	1,48	0,01
524,00	536,00	0,55	1,13	0,00
525,00	537,00	0,56	0,68	0,00
526,00	538,00	0,56	0,42	0,00
527,00	539,00	0,56	0,34	0,00
528,00	540,00	0,56	0,18	0,00
529,00	541,00	0,56	0,16	0,00
530,00	542,00	0,56	0,36	0,00
531,00	543,00	0,56	0,11	0,00
532,00	544,00	0,56	0,00	1,58E-5
533,00	545,00	0,56	0,06	0,00
534,00	546,00	0,57	0,01	3,24E-5
535,00	547,00	0,57	0,01	5,04E-5
536,00	548,00	0,57	0,18	0,00
537,00	549,00	0,57	0,13	0,00
538,00	550,00	0,57	0,19	0,00
539,00	551,00	0,57	0,00	1,77E-5
540,00	552,00	0,57	0,22	0,00
541,00	553,00	0,57	0,02	9,21E-5
542,00	554,00	0,57	0,11	0,00
543,00	555,00	0,57	0,02	8,93E-5
544,00	556,00	0,58	0,05	0,00
545,00	557,00	0,58	0,08	0,00
546,00	558,00	0,58	0,12	0,00
547,00	559,00	0,58	0,15	0,00
548,00	560,00	0,58	0,02	0,00
549,00	561,00	0,58	0,04	0,00
550,00	562,00	0,58	0,16	0,00
551,00	563,00	0,58	0,11	0,00
552,00	564,00	0,58	0,01	3,35E-5
553,00	565,00	0,58	0,19	0,00
554,00	566,00	0,59	0,19	0,00
