G.U.N.T. Gerätebau GmbH
Hanskampring 15-17 , D- 22885 BarsbüttelPhone: +49 40 / 67 08 54 - 0 , Fax: +49 40 / 67 08 54 - 42

Fecha : 19/4/2023	Tiempo: 10:04:18

WP 510	Máquina para ensayo de torsión, 200Nm

Nombre


Comentario


Cálculos
M_tb	12.777986 Nm
tau_tb	0.056753N/mm^2


Valores medidos
#	Ángulo de torsión en deg 	Ángulo de deslizamiento en rad 	Momento de torsión en Nm 	Tensión de cizallamiento en N/mm^2 
1,00	1,00	0,00	0,21	0,00
2,00	2,00	0,00	0,35	0,00
3,00	3,00	0,00	0,33	0,00
4,00	4,10	0,00	0,67	0,00
5,00	5,10	0,01	0,78	0,00
6,00	6,20	0,01	1,00	0,00
7,00	7,20	0,01	1,18	0,01
8,00	8,20	0,01	1,27	0,01
9,00	9,20	0,01	1,58	0,01
10,00	10,20	0,01	1,90	0,01
11,00	11,30	0,01	2,18	0,01
12,00	12,30	0,01	2,19	0,01
13,00	13,30	0,01	2,61	0,01
14,00	14,30	0,01	2,94	0,01
15,00	15,30	0,02	3,10	0,01
16,00	16,40	0,02	3,23	0,01
17,00	17,40	0,02	3,44	0,02
18,00	18,40	0,02	3,69	0,02
19,00	19,40	0,02	3,93	0,02
20,00	20,40	0,02	4,20	0,02
21,00	21,40	0,02	4,58	0,02
22,00	22,50	0,02	4,65	0,02
23,00	23,50	0,02	4,83	0,02
24,00	24,50	0,03	5,26	0,02
25,00	25,50	0,03	5,45	0,02
26,00	26,50	0,03	5,78	0,03
27,00	27,50	0,03	6,14	0,03
28,00	28,50	0,03	6,23	0,03
29,00	29,50	0,03	6,68	0,03
30,00	30,50	0,03	7,01	0,03
31,00	31,50	0,03	7,10	0,03
32,00	32,50	0,03	7,25	0,03
33,00	33,50	0,03	7,63	0,03
34,00	34,50	0,04	7,81	0,03
35,00	35,50	0,04	7,96	0,04
36,00	36,50	0,04	8,15	0,04
37,00	37,50	0,04	8,37	0,04
38,00	38,50	0,04	8,27	0,04
39,00	39,50	0,04	8,46	0,04
40,00	40,50	0,04	8,65	0,04
41,00	41,50	0,04	8,87	0,04
42,00	42,50	0,04	9,25	0,04
43,00	43,50	0,05	9,24	0,04
44,00	44,50	0,05	9,25	0,04
45,00	45,50	0,05	9,47	0,04
46,00	46,50	0,05	9,59	0,04
47,00	47,50	0,05	9,94	0,04
48,00	48,50	0,05	10,09	0,04
49,00	49,50	0,05	10,42	0,05
50,00	50,50	0,05	10,59	0,05
51,00	51,50	0,05	10,56	0,05
52,00	52,50	0,05	10,58	0,05
53,00	53,50	0,06	10,81	0,05
54,00	54,50	0,06	10,80	0,05
55,00	55,50	0,06	11,05	0,05
56,00	56,60	0,06	11,23	0,05
57,00	57,70	0,06	11,02	0,05
58,00	58,70	0,06	10,92	0,05
59,00	59,70	0,06	11,26	0,05
60,00	60,70	0,06	11,53	0,05
61,00	61,70	0,06	11,57	0,05
62,00	62,70	0,06	11,60	0,05
63,00	63,70	0,07	11,57	0,05
64,00	64,80	0,07	11,52	0,05
65,00	65,80	0,07	11,50	0,05
66,00	66,80	0,07	11,58	0,05
67,00	67,80	0,07	11,66	0,05
68,00	68,80	0,07	11,61	0,05
69,00	69,80	0,07	11,49	0,05
70,00	70,80	0,07	11,69	0,05
71,00	71,80	0,07	11,81	0,05
72,00	72,80	0,08	11,94	0,05
73,00	73,80	0,08	11,90	0,05
74,00	74,80	0,08	11,74	0,05
75,00	75,80	0,08	11,93	0,05
76,00	76,80	0,08	11,85	0,05
77,00	77,90	0,08	11,86	0,05
78,00	78,90	0,08	11,98	0,05
79,00	79,90	0,08	12,13	0,05
80,00	80,90	0,08	11,99	0,05
81,00	81,90	0,08	12,04	0,05
82,00	82,90	0,09	12,02	0,05
83,00	83,90	0,09	12,13	0,05
84,00	84,90	0,09	12,14	0,05
85,00	85,90	0,09	12,21	0,05
86,00	86,90	0,09	12,19	0,05
87,00	87,90	0,09	12,14	0,05
88,00	88,90	0,09	12,18	0,05
89,00	89,90	0,09	12,09	0,05
90,00	90,90	0,09	12,17	0,05
91,00	91,90	0,10	12,30	0,05
92,00	92,90	0,10	12,59	0,06
93,00	94,00	0,10	12,57	0,06
94,00	95,00	0,10	12,70	0,06
95,00	96,00	0,10	12,60	0,06
96,00	97,10	0,10	12,47	0,06
97,00	98,10	0,10	12,26	0,05
98,00	99,20	0,10	12,37	0,05
99,00	100,20	0,10	12,58	0,06
100,00	101,20	0,10	12,51	0,06
101,00	102,30	0,11	12,78	0,06
102,00	103,30	0,11	12,59	0,06
103,00	104,30	0,11	12,73	0,06
104,00	105,40	0,11	12,47	0,06
105,00	106,40	0,11	12,30	0,05
106,00	107,40	0,11	12,41	0,06
107,00	108,50	0,11	12,46	0,06
108,00	109,50	0,11	12,38	0,05
109,00	110,60	0,11	12,27	0,05
110,00	111,60	0,12	12,29	0,05
111,00	112,60	0,12	12,34	0,05
112,00	113,70	0,12	12,58	0,06
113,00	114,70	0,12	12,36	0,05
114,00	115,70	0,12	12,23	0,05
115,00	116,80	0,12	12,34	0,05
116,00	117,80	0,12	12,35	0,05
117,00	118,80	0,12	12,35	0,05
118,00	119,90	0,12	12,38	0,05
119,00	120,90	0,13	12,41	0,06
120,00	121,90	0,13	12,53	0,06
121,00	123,00	0,13	12,33	0,05
122,00	124,00	0,13	12,33	0,05
123,00	125,10	0,13	12,21	0,05
124,00	126,10	0,13	12,27	0,05
125,00	127,10	0,13	12,41	0,06
126,00	128,20	0,13	12,43	0,06
127,00	129,20	0,13	12,38	0,05
128,00	130,20	0,13	12,32	0,05
129,00	131,30	0,14	12,32	0,05
130,00	132,30	0,14	12,23	0,05
131,00	133,30	0,14	12,36	0,05
132,00	134,30	0,14	12,36	0,05
133,00	135,30	0,14	12,30	0,05
134,00	136,30	0,14	12,26	0,05
135,00	137,30	0,14	12,34	0,05
136,00	138,30	0,14	12,15	0,05
137,00	139,30	0,14	12,18	0,05
138,00	140,30	0,15	11,99	0,05
139,00	141,30	0,15	12,22	0,05
140,00	142,30	0,15	12,40	0,06
141,00	143,30	0,15	12,54	0,06
142,00	144,30	0,15	12,30	0,05
143,00	145,30	0,15	12,26	0,05
144,00	146,30	0,15	12,30	0,05
145,00	147,30	0,15	12,05	0,05
146,00	148,30	0,15	12,33	0,05
147,00	149,30	0,15	12,18	0,05
148,00	150,30	0,16	12,30	0,05
149,00	151,30	0,16	12,09	0,05
150,00	152,30	0,16	12,23	0,05
151,00	153,30	0,16	12,10	0,05
152,00	154,30	0,16	12,09	0,05
153,00	155,30	0,16	12,24	0,05
154,00	156,30	0,16	12,26	0,05
155,00	157,30	0,16	12,21	0,05
156,00	158,30	0,16	12,14	0,05
157,00	159,30	0,16	12,05	0,05
158,00	160,30	0,17	12,12	0,05
159,00	161,30	0,17	12,18	0,05
160,00	162,40	0,17	12,01	0,05
161,00	163,40	0,17	12,03	0,05
162,00	164,40	0,17	11,91	0,05
163,00	165,50	0,17	11,92	0,05
164,00	166,50	0,17	11,99	0,05
165,00	167,50	0,17	12,05	0,05
166,00	168,50	0,17	12,07	0,05
167,00	169,50	0,18	12,10	0,05
168,00	170,50	0,18	12,18	0,05
169,00	171,50	0,18	12,30	0,05
170,00	172,50	0,18	12,33	0,05
171,00	173,50	0,18	12,29	0,05
172,00	174,50	0,18	12,45	0,06
173,00	175,50	0,18	12,35	0,05
174,00	176,50	0,18	12,27	0,05
175,00	177,50	0,18	12,34	0,05
176,00	178,50	0,18	12,38	0,05
177,00	179,50	0,19	12,43	0,06
178,00	180,50	0,19	12,41	0,06
179,00	181,50	0,19	12,25	0,05
180,00	182,60	0,19	12,11	0,05
181,00	183,70	0,19	12,09	0,05
182,00	184,70	0,19	12,08	0,05
183,00	185,70	0,19	12,01	0,05
184,00	186,70	0,19	12,19	0,05
185,00	187,80	0,19	12,13	0,05
186,00	188,80	0,20	12,02	0,05
187,00	189,80	0,20	12,05	0,05
188,00	190,90	0,20	12,08	0,05
189,00	192,00	0,20	11,90	0,05
190,00	193,10	0,20	11,88	0,05
191,00	194,10	0,20	11,74	0,05
192,00	195,10	0,20	11,59	0,05
193,00	196,20	0,20	11,53	0,05
194,00	197,30	0,20	11,55	0,05
195,00	198,30	0,21	11,49	0,05
196,00	199,30	0,21	11,58	0,05
197,00	200,30	0,21	11,54	0,05
198,00	201,30	0,21	11,67	0,05
199,00	202,40	0,21	11,86	0,05
200,00	203,50	0,21	11,82	0,05
201,00	204,50	0,21	11,72	0,05
202,00	205,50	0,21	11,74	0,05
203,00	206,50	0,21	11,94	0,05
204,00	207,60	0,21	11,96	0,05
205,00	208,60	0,22	12,02	0,05
206,00	209,60	0,22	12,09	0,05
207,00	210,70	0,22	12,07	0,05
208,00	211,80	0,22	12,01	0,05
209,00	212,80	0,22	11,81	0,05
210,00	213,80	0,22	11,68	0,05
211,00	214,80	0,22	11,58	0,05
212,00	215,80	0,22	11,71	0,05
213,00	216,90	0,22	11,73	0,05
214,00	218,00	0,23	11,65	0,05
215,00	219,00	0,23	11,38	0,05
216,00	220,00	0,23	11,47	0,05
217,00	221,10	0,23	11,57	0,05
218,00	222,20	0,23	11,47	0,05
219,00	223,30	0,23	11,34	0,05
220,00	224,30	0,23	11,17	0,05
221,00	225,30	0,23	11,47	0,05
222,00	226,40	0,23	11,54	0,05
223,00	227,50	0,24	11,41	0,05
224,00	228,50	0,24	11,52	0,05
225,00	229,50	0,24	11,42	0,05
226,00	230,50	0,24	11,24	0,05
227,00	231,60	0,24	11,25	0,05
228,00	232,60	0,24	11,02	0,05
229,00	233,60	0,24	11,11	0,05
230,00	234,70	0,24	11,31	0,05
231,00	235,80	0,24	11,39	0,05
232,00	236,80	0,25	11,52	0,05
233,00	237,90	0,25	11,36	0,05
234,00	239,00	0,25	11,44	0,05
235,00	240,00	0,25	11,51	0,05
236,00	241,00	0,25	11,53	0,05
237,00	242,10	0,25	11,35	0,05
238,00	243,20	0,25	11,29	0,05
239,00	244,20	0,25	11,31	0,05
240,00	245,20	0,25	11,47	0,05
241,00	246,20	0,25	11,43	0,05
242,00	247,30	0,26	11,47	0,05
243,00	248,30	0,26	11,42	0,05
244,00	249,30	0,26	11,37	0,05
245,00	250,40	0,26	9,42	0,04
246,00	251,50	0,26	6,69	0,03
247,00	252,60	0,26	4,84	0,02
248,00	253,60	0,26	3,49	0,02
249,00	254,60	0,26	2,64	0,01
250,00	255,70	0,26	1,80	0,01
251,00	256,70	0,27	1,17	0,01
252,00	257,80	0,27	0,86	0,00
253,00	258,90	0,27	0,59	0,00
254,00	260,00	0,27	0,40	0,00
255,00	261,00	0,27	0,31	0,00
256,00	262,00	0,27	0,11	0,00
257,00	263,00	0,27	0,14	0,00
258,00	264,00	0,27	0,18	0,00
259,00	265,00	0,27	0,17	0,00
260,00	266,00	0,28	0,22	0,00
261,00	267,00	0,28	0,02	8,85E-5
262,00	268,00	0,28	0,07	0,00
263,00	269,00	0,28	0,10	0,00
264,00	270,00	0,28	0,13	0,00
265,00	271,00	0,28	0,16	0,00
266,00	272,00	0,28	0,05	0,00
267,00	273,00	0,28	0,18	0,00
268,00	274,00	0,28	0,20	0,00
269,00	275,00	0,28	0,12	0,00
270,00	276,00	0,29	0,08	0,00
271,00	277,00	0,29	0,07	0,00
272,00	278,00	0,29	0,10	0,00
273,00	279,00	0,29	0,14	0,00
274,00	280,00	0,29	0,12	0,00
275,00	281,00	0,29	0,12	0,00
276,00	282,00	0,29	0,22	0,00
277,00	283,00	0,29	0,28	0,00
278,00	284,00	0,29	0,24	0,00
279,00	285,00	0,29	0,06	0,00
