MTS793|BTW|ENU|1|0|.|/|:|1|0|0|A

Data Header:                                                Time:     2.3955078 s         3/30/2023 10:32:23 AM
Data Acquisition: Timed
Station Name: 10504712.cfg
Test File Name: Tracción.tst
Axial Displacement Axial Force Running Time
mm        N         s
0.0012088974 2.1898003 0.015625
0.00029823859 1.6994774 0.025390625
0.0067100916 7.1250648 0.03515625
0.022123789 20.458847 0.044921875
0.038226787 36.246181 0.0546875
0.056902446 53.204449 0.064453125
0.073552385 69.871765 0.07421875
0.090939991 86.953568 0.083984375
0.10748423 100.41937 0.09375
0.12290716 114.47541 0.10351563
0.14006788 129.92882 0.11328125
0.15658125 146.42395 0.12304688
0.17217548 160.86325 0.1328125
0.19036803 175.58359 0.14257813
0.20674287 191.06493 0.15234375
0.22165185 203.70625 0.16210938
0.23819269 218.31616 0.171875
0.25645033 235.42389 0.18164063
0.27201113 250.60779 0.19140625
0.28850254 264.20175 0.20117188
0.30223656 279.27667 0.2109375
0.32111093 293.61163 0.22070313
0.33830309 308.2244 0.23046875
0.35372603 321.46887 0.24023438
0.37064523 337.34375 0.25
0.38847348 353.10303 0.25976563
0.40405726 367.69836 0.26953125
0.42180917 382.47629 0.27929688
0.43612722 395.68567 0.2890625
0.45293084 408.59412 0.29882813
0.469827  422.57373 0.30859375
0.48528686 438.03708 0.31835938
0.5046615 453.26892 0.328125
0.52045506 470.31247 0.33789063
0.53849012 483.14603 0.34765625
0.55338353 497.10559 0.35742188
0.57121915 511.06137 0.3671875
0.58763576 526.20782 0.37695313
0.6038335 540.52588 0.38671875
0.61997795 552.97375 0.39648438
0.63568068 567.07141 0.40625
0.65106732 577.81641 0.41601563
0.6684624 592.82281 0.42578125
0.68478578 605.00555 0.43554688
0.70085949 619.98889 0.4453125
0.7180568 632.63171 0.45507813
0.73428047 647.27209 0.46484375
0.75055707 660.73645 0.47460938
0.7678389 673.76068 0.484375
0.78486431 688.427  0.49414063
0.80093455 701.04443 0.50390625
0.81768095 714.7334 0.51367188
0.83331674 728.22357 0.5234375
0.85011202 740.9151 0.53320313
0.86790335 752.65894 0.54296875
0.88601542 766.65765 0.55273438
0.90042925 780.01208 0.5625
0.91665179 791.2226 0.57226563
0.93330002 804.28424 0.58203125
0.9496187 817.05707 0.59179688
0.96646142 828.72968 0.6015625
0.98322064 841.66846 0.61132813
0.99891025 852.98029 0.62109375
1.0171187 866.37372 0.63085938
1.0336027 878.5116  0.640625
1.0501059 890.77539 0.65039063
1.0666847 902.00208 0.66015625
1.0820805 913.72211 0.66992188
1.0999428 926.11804 0.6796875
1.114844  937.69592 0.68945313
1.1311759 950.79584 0.69921875
1.1475396 961.24146 0.70898438
1.1632355 972.21741 0.71875
1.1815364 983.84937 0.72851563
1.198689  994.21057 0.73828125
1.2148876 1006.845  0.74804688
1.2321886 1018.3657 0.7578125
1.2475827 1029.762  0.76757813
1.2646345 1039.494  0.77734375
1.2812082 1050.0393 0.78710938
1.2973039 1060.8221 0.796875
1.3157278 1072.3508 0.80664063
1.3301603 1081.7483 0.81640625
1.3451964 1092.4108 0.82617188
1.3632307 1102.4048 0.8359375
1.3789945 1113.5323 0.84570313
1.3973216 1123.0342 0.85546875
1.4137532 1131.5436 0.86523438
1.429039  1141.7133 0.875
1.4471378 1152.0968 0.88476563
1.4617928 1160.4091 0.89453125
1.4787344 1169.998  0.90429688
1.4956979 1178.1665 0.9140625
1.5120459 1188.0671 0.92382813
1.5280166 1196.8604 0.93359375
1.5434551 1206.2178 0.94335938
1.5608249 1216.0682 0.953125
1.5778278 1223.6572 0.96289063
1.5955513 1232.2875 0.97265625
1.6124805 1239.1605 0.98242188
1.6294768 1247.317  0.9921875
1.6448896 1253.6715 1.0019531
1.6600817 1263.4923 1.0117188
1.6777467 1269.7515 1.0214844
1.6935867 1277.5566 1.03125
1.7096372 1281.3082 1.0410156
1.7262391 1291.0425 1.0507813
1.7425114 1295.7791 1.0605469
1.7596875 1303.6952 1.0703125
1.7766045 1311.2148 1.0800781
1.7936025 1315.3519 1.0898438
1.8105521 1321.2833 1.0996094
1.8273968 1326.1194 1.109375
1.8439373 1332.0878 1.1191406
1.8595736 1336.7394 1.1289063
1.8756847 1341.5935 1.1386719
1.8920327 1347.9641 1.1484375
1.9100032 1350.2294 1.1582031
1.9256749 1354.5547 1.1679688
1.9423625 1358.1071 1.1777344
1.9603256 1362.8711 1.1875
1.9772362 1365.2875 1.1972656
1.9937721 1367.7336 1.2070313
2.0092888 1369.2943 1.2167969
2.0257056 1370.8043 1.2265625
2.0431874 1372.0013 1.2363281
2.0591662 1374.7301 1.2460938
2.0756919 1375.7474 1.2558594
2.0927324 1376.3263 1.265625
2.1105855 1376.3403 1.2753906
2.1251066 1375.8395 1.2851563
2.1404283 1375.0925 1.2949219
2.1566792 1372.9207 1.3046875
2.174072  1374.1022 1.3144531
2.191817  1372.7451 1.3242188
2.2090514 1370.7655 1.3339844
2.2247422 1367.0513 1.34375
2.2421117 1361.2032 1.3535156
2.2581406 1357.7369 1.3632813
2.2763047 1353.8389 1.3730469
2.2928019 1346.561  1.3828125
2.3079917 1338.5977 1.3925781
2.3240719 1327.6005 1.4023438
2.3409138 1312.777  1.4121094
2.3593717 1287.0458 1.421875
2.3756466 1241.1031 1.4316406
2.438422  108.17059 1.4414063
2.4287922 -55.327415 1.4511719
2.4344449 -42.901337 1.4609375
2.4551427 10.901838 1.4707031
2.4660215 4.8927217 1.4804688
2.4853885 -7.6316299 1.4902344
2.5002732 -6.4178557 1.5
2.5161872 -10.238513 1.5097656
2.5349746 1.2479722 1.5195313
2.550632  6.0740857 1.5292969
2.5670929 -12.842342 1.5390625
2.5840027 -20.94619 1.5488281
2.5992808 -14.266446 1.5585938
2.6169965 -5.7198105 1.5683594
2.6330838 -1.2457371 1.578125
2.6505971 -2.2130461 1.5878906
2.6674349 -8.1537666 1.5976563
2.6843476 -12.73185 1.6074219
2.7003648 -11.442677 1.6171875
2.7175155 -8.7305155 1.6269531
2.7337492 -7.183403 1.6367188
2.7493777 -6.177053 1.6464844
2.7657664 -4.4329462 1.65625
2.783838  -6.4811854 1.6660156
2.8006036 -7.9419465 1.6757813
2.8157883 -8.1826744 1.6855469
2.8328648 -9.4393644 1.6953125
2.8489163 -6.5694752 1.7050781
2.8664026 -6.8897009 1.7148438
2.8809328 -6.3131752 1.7246094
2.8986287 -8.7130814 1.734375
2.9155118 -9.7394733 1.7441406
2.9302425 -8.0614538 1.7539063
2.9489596 -8.8717785 1.7636719
2.9668126 -7.9169869 1.7734375
2.9828854 -7.5858831 1.7832031
2.9990697 -7.7516584 1.7929688
3.0144773 -6.4393134 1.8027344
3.0310097 -9.0076027 1.8125
3.0475175 -8.4605808 1.8222656
3.0640812 -7.1783361 1.8320313
3.0810361 -8.2755833 1.8417969
3.0971563 -8.7022781 1.8515625
3.1153696 -9.2039261 1.8613281
3.1303835 -8.1442299 1.8710938
3.1472118 -7.9831481 1.8808594
3.1630893 -8.1243362 1.890625
3.1802034 -8.1620369 1.9003906
3.1964684 -8.5593758 1.9101563
3.211884  -9.298027 1.9199219
3.2311265 -8.7579336 1.9296875
3.2477636 -8.2197037 1.9394531
3.2636993 -8.8468189 1.9492188
3.2790267 -7.1277471 1.9589844
3.295218  -7.673502 1.96875
3.3141656 -7.9128146 1.9785156
3.3297644 -7.8050795 1.9882813
3.345947  -7.4359775 1.9980469
3.3627706 -8.7320805 2.0078125
3.3790846 -7.6945872 2.0175781
3.3949904 -7.2123857 2.0273438
3.4126318 -9.5977631 2.0371094
3.4297392 -8.5328522 2.046875
3.4429474 -8.2559137 2.0566406
3.4628527 -9.4760208 2.0664063
3.4792652 -8.4855404 2.0761719
3.4948044 -8.7646399 2.0859375
3.5106094 -8.3228951 2.0957031
3.5290074 -9.042099 2.1054688
3.5463111 -9.334013 2.1152344
3.5608616 -9.1788177 2.125
3.5767939 -6.6225233 2.1347656
3.5940254 -6.8742781 2.1445313
3.6121678 -8.1261997 2.1542969
3.628088  -8.2340088 2.1640625
3.6437867 -7.6436253 2.1738281
3.6599011 -9.6123667 2.1835938
3.677242  -7.6843052 2.1933594
3.6929243 -9.1866407 2.203125
3.7097909 -7.4398518 2.2128906
3.7246828 -8.3699818 2.2226563
3.7429855 -9.3571844 2.2324219
3.7621951 -8.0509481 2.2421875
3.7773156 -7.617846 2.2519531
3.7932789 -8.0148134 2.2617188
3.8105247 -8.1796198 2.2714844
3.8277702 -7.8113375 2.28125
3.8434279 -8.344799 2.2910156
3.8585656 -9.579361 2.3007813
3.8753819 -8.6844711 2.3105469
3.8907487 -7.7201424 2.3203125
3.909075  -7.2911382 2.3300781
3.9257934 -8.4266071 2.3398438
3.9433208 -8.4169207 2.3496094
3.9590259 -9.2145052 2.359375
3.976135  -9.6330051 2.3691406
3.9932599 -7.6920538 2.3789063
4.0100369 -9.3086061 2.3886719

