MTS793|BTW|ENU|1|0|.|/|:|1|0|0|A

Data Header:                                                Time:     4.1103516 s         3/30/2023 10:30:29 AM
Data Acquisition: Timed
Station Name: 10504712.cfg
Test File Name: Tracción.tst
Axial Displacement Axial Force Running Time
mm        N         s
-0.0011694501 -0.83141029 0.01953125
-0.001217809 -1.4222413 0.029296875
0.0058517326 5.0767512 0.0390625
0.021762215 20.248444 0.048828125
0.037885562 35.705643 0.05859375
0.056291152 53.195877 0.068359375
0.072832942 69.876686 0.078125
0.091465235 85.358322 0.087890625
0.10528779 100.25844 0.09765625
0.12390055 114.91194 0.10742188
0.13875633 130.42174 0.1171875
0.15578522 145.8343 0.12695313
0.1710898 161.59967 0.13671875
0.18842337 176.55797 0.14648438
0.20561695 192.35641 0.15625
0.22070429 206.86746 0.16601563
0.2368307 220.17479 0.17578125
0.25479767 235.12483 0.18554688
0.26988655 250.97375 0.1953125
0.28629762 264.80173 0.20507813
0.30343717 280.10016 0.21484375
0.31954336 294.53552 0.22460938
0.33658308 309.34052 0.234375
0.35425961 325.80502 0.24414063
0.37086329 338.99002 0.25390625
0.38606858 353.96725 0.26367188
0.40195075 367.86115 0.2734375
0.4195182 384.10843 0.28320313
0.43703222 399.63678 0.29296875
0.45282793 413.87695 0.30273438
0.46866733 427.7348 0.3125
0.48484594 442.80161 0.32226563
0.50178838 457.21429 0.33203125
0.5179081 470.44135 0.34179688
0.53495836 483.81659 0.3515625
0.55080843 500.11838 0.36132813
0.56993425 513.54254 0.37109375
0.58448029 528.96893 0.38085938
0.60140854 542.80499 0.390625
0.61916089 557.2442 0.40039063
0.63517064 572.21545 0.41015625
0.65202451 584.49506 0.41992188
0.66738611 597.21832 0.4296875
0.68317527 611.89435 0.43945313
0.69990408 625.73096 0.44921875
0.71702617 640.50427 0.45898438
0.73219156 652.79291 0.46875
0.74741101 664.6109 0.47851563
0.76482052 678.21307 0.48828125
0.78370446 694.44336 0.49804688
0.80084568 707.95813 0.5078125
0.8172065 720.73767 0.51757813
0.83137518 733.75171 0.52734375
0.84900367 746.0506 0.53710938
0.86698109 760.44012 0.546875
0.88355279 773.02209 0.55664063
0.90053976 785.97375 0.56640625
0.91703439 799.27612 0.57617188
0.93341595 812.32831 0.5859375
0.94976729 823.67712 0.59570313
0.96612674 837.19836 0.60546875
0.98135048 848.47064 0.61523438
0.99927634 861.43152 0.625
1.0140624 874.23535 0.63476563
1.0326772 888.1615  0.64453125
1.0486441 899.81824 0.65429688
1.0650263 911.69781 0.6640625
1.0815916 923.71466 0.67382813
1.0960983 934.17822 0.68359375
1.1147727 947.0874  0.69335938
1.1311294 960.18182 0.703125
1.1483935 971.62207 0.71289063
1.1628323 982.2226  0.72265625
1.1801648 993.67181 0.73242188
1.1965023 1005.1287 0.7421875
1.2120912 1015.3177 0.75195313
1.2306145 1029.2371 0.76171875
1.2481012 1041.501  0.77148438
1.2665554 1052.5128 0.78125
1.281875  1063.6107 0.79101563
1.2968714 1072.8762 0.80078125
1.3137647 1083.4448 0.81054688
1.3300133 1094.7139 0.8203125
1.3463022 1105.1655 0.83007813
1.3639706 1117.2655 0.83984375
1.3808773 1126.514  0.84960938
1.3969046 1135.4017 0.859375
1.4141829 1147.0786 0.86914063
1.4309187 1155.6586 0.87890625
1.4454212 1165.8043 0.88867188
1.4626471 1175.6189 0.8984375
1.4791846 1185.7622 0.90820313
1.4967164 1194.8433 0.91796875
1.5139546 1203.9323 0.92773438
1.5290977 1214.048  0.9375
1.5435342 1220.0656 0.94726563
1.5597388 1229.4855 0.95703125
1.5785439 1240.0736 0.96679688
1.5940084 1247.0665 0.9765625
1.610846  1257.3657 0.98632813
1.6282768 1264.5854 0.99609375
1.6439408 1273.9584 1.0058594
1.6621007 1282.696  1.015625
1.6772149 1288.6711 1.0253906
1.6941944 1296.735  1.0351563
1.7108282 1303.0305 1.0449219
1.7280662 1310.6296 1.0546875
1.7449392 1317.262  1.0644531
1.7602713 1324.7153 1.0742188
1.7770042 1330.7434 1.0839844
1.794026  1337.7242 1.09375
1.8091553 1343.2386 1.1035156
1.8246158 1347.7655 1.1132813
1.8435541 1355.6354 1.1230469
1.8604707 1361.056  1.1328125
1.8757404 1367.3701 1.1425781
1.8944656 1373.0408 1.1523438
1.9102991 1377.3269 1.1621094
1.9275104 1381.6206 1.171875
1.9418623 1384.2633 1.1816406
1.9583132 1389.8903 1.1914063
1.9756854 1391.9093 1.2011719
1.9923419 1397.0327 1.2109375
2.0086038 1400.275  1.2207031
2.0265105 1402.6606 1.2304688
2.0439799 1405.7825 1.2402344
2.0601821 1408.1519 1.25
2.0768862 1411.0115 1.2597656
2.0924425 1413.411  1.2695313
2.1096201 1414.0471 1.2792969
2.1255531 1416.74   1.2890625
2.1418931 1415.3374 1.2988281
2.1579018 1417.3712 1.3085938
2.1760941 1418.8085 1.3183594
2.1928127 1417.9547 1.328125
2.2092946 1418.4691 1.3378906
2.2254791 1417.3616 1.3476563
2.2431602 1416.3408 1.3574219
2.2580402 1415.6614 1.3671875
2.2750695 1413.0219 1.3769531
2.2925541 1412.4095 1.3867188
2.3093891 1410.2402 1.3964844
2.3244085 1407.4196 1.40625
2.3410909 1403.389  1.4160156
2.3576255 1399.1359 1.4257813
2.3743615 1396.5767 1.4355469
2.3912203 1391.8105 1.4453125
2.4065938 1388.0387 1.4550781
2.4236677 1382.0309 1.4648438
2.4422121 1376.5013 1.4746094
2.4592767 1369.3129 1.484375
2.4755647 1359.707  1.4941406
2.491087  1348.4897 1.5039063
2.5095756 1335.1196 1.5136719
2.525655  1315.2834 1.5234375
2.5423582 1286.0731 1.5332031
2.5598814 1235.3156 1.5429688
2.5771186 1154.1339 1.5527344
2.5965071 1036.6736 1.5625
2.6168039 791.21271 1.5722656
2.6375427 511.87073 1.5820313
2.6521621 418.22495 1.5917969
2.6670697 374.34494 1.6015625
2.6830246 348.23819 1.6113281
2.699244  330.60974 1.6210938
2.7158811 321.47015 1.6308594
2.7317529 312.76926 1.640625
2.7486203 305.20712 1.6503906
2.764478  299.08234 1.6601563
2.7825    293.72638 1.6699219
2.7980583 290.11502 1.6796875
2.815022  284.85699 1.6894531
2.8314049 285.21567 1.6992188
2.8476968 281.10468 1.7089844
2.8642304 278.9364  1.71875
2.8813086 277.39868 1.7285156
2.8985126 273.93942 1.7382813
2.9153147 270.69742 1.7480469
2.9327502 269.65344 1.7578125
2.9494998 265.25854 1.7675781
2.9641056 261.90891 1.7773438
2.981384  256.47961 1.7871094
2.9976816 252.48647 1.796875
3.0148411 249.33882 1.8066406
3.0314596 244.14867 1.8164063
3.0481427 238.67891 1.8261719
3.0639572 232.50549 1.8359375
3.0788109 225.32791 1.8457031
3.0959694 221.01454 1.8554688
3.1136968 217.43997 1.8652344
3.1308959 212.35838 1.875
3.148288  208.25133 1.8847656
3.1651852 201.5341  1.8945313
3.1816988 193.43257 1.9042969
3.1983631 186.23463 1.9140625
3.2136085 179.4532  1.9238281
3.2276847 173.33716 1.9335938
3.2468145 170.47786 1.9433594
3.2616882 165.1246  1.953125
3.2796745 161.25276 1.9628906
3.2966135 157.55124 1.9726563
3.3134677 154.76837 1.9824219
3.3285456 149.06779 1.9921875
3.3451085 146.91815 2.0019531
3.3617029 143.13414 2.0117188
3.3786325 142.04547 2.0214844
3.3951583 138.66931 2.03125
3.4126658 135.46385 2.0410156
3.4289968 131.69415 2.0507813
3.4445996 129.40637 2.0605469
3.4609416 125.71014 2.0703125
3.4779902 122.93167 2.0800781
3.4949298 119.94071 2.0898438
3.5109446 117.17223 2.0996094
3.5256457 115.17048 2.109375
3.545161  112.93575 2.1191406
3.5620062 110.83469 2.1289063
3.578723  109.15592 2.1386719
3.5955203 105.43607 2.1484375
3.6107743 103.13891 2.1582031
3.6276913 100.58112 2.1679688
3.6433921 99.247467 2.1777344
3.6612051 97.492188 2.1875
3.677707  96.955452 2.1972656
3.6951697 93.465523 2.2070313
3.7108002 91.415794 2.2167969
3.7275867 88.758545 2.2265625
3.743243  84.736046 2.2363281
3.7588429 83.08992  2.2460938
3.7758286 82.415863 2.2558594
3.7928758 79.452919 2.265625
3.8096318 78.311638 2.2753906
3.8261054 76.104851 2.2851563
3.8434887 74.211884 2.2949219
3.8599946 73.852913 2.3046875
3.8762777 74.054672 2.3144531
3.8943315 72.667    2.3242188
3.9085095 70.82164  2.3339844
3.9245677 69.574196 2.34375
3.942616  68.848732 2.3535156
3.9600947 66.654533 2.3632813
3.9750757 64.866241 2.3730469
3.9934494 61.946438 2.3828125
4.0092888 62.132626 2.3925781
4.0276155 58.218166 2.4023438
4.0427918 55.297539 2.4121094
4.0584936 53.563862 2.421875
4.0755968 50.951542 2.4316406
4.0910764 49.414711 2.4414063
4.1086602 48.11816  2.4511719
4.1251082 46.432838 2.4609375
4.1412711 45.870693 2.4707031
4.1580997 44.79073  2.4804688
4.1746907 43.253078 2.4902344
4.1911736 43.262691 2.5
4.2071033 43.955521 2.5097656
4.2242951 42.621643 2.5195313
4.2414422 42.3909   2.5292969
4.2576928 40.341393 2.5390625
4.2729664 39.483829 2.5488281
4.2890821 38.806198 2.5585938
4.3061767 38.997234 2.5683594
4.3240008 38.648621 2.578125
4.3402925 35.142006 2.5878906
4.3562789 35.714954 2.5976563
4.3743672 32.233967 2.6074219
4.390574  32.390804 2.6171875
4.4071603 30.024052 2.6269531
4.4236503 28.935671 2.6367188
4.4387336 27.260632 2.6464844
4.4546847 27.862267 2.65625
4.4712858 24.945587 2.6660156
4.4875727 23.41032  2.6757813
4.5064335 22.580103 2.6855469
4.5225201 21.613911 2.6953125
4.5386877 21.746307 2.7050781
4.556098  20.236374 2.7148438
4.5714374 19.920544 2.7246094
4.5888133 17.741472 2.734375
4.6055307 2.7357788 2.7441406
4.6222277 1.553297  2.7539063
4.638195  2.6559086 2.7636719
4.6533446 3.3228846 2.7734375
4.6712084 1.0941923 2.7832031
4.688324  0.67144632 2.7929688
4.7032404 0.60968101 2.8027344
4.7197552 0.89518726 2.8125
4.7367196 1.1202693 2.8222656
4.7536602 1.0026246 2.8320313
4.7705045 1.6961247 2.8417969
4.7857637 -0.67412853 2.8515625
4.8018994 -0.41283667 2.8613281
4.8186765 -0.21100044 2.8710938
4.8352623 -0.67457557 2.8808594
4.8521023 -0.075474381 2.890625
4.8688359 1.9332021 2.9003906
4.8867669 -1.3490766 2.9101563
4.9027662 0.24192035 2.9199219
4.9205112 -2.5232136 2.9296875
4.9347892 -1.2551993 2.9394531
4.9515762 -1.5448779 2.9492188
4.9669051 0.34026802 2.9589844
4.9860697 -2.0890684 2.96875
5.0023246 -2.4487824 2.9785156
5.0182977 -3.2836943 2.9882813
5.0350671 -3.0069799 2.9980469
5.0523858 -1.8680841 3.0078125
5.0675287 -3.0028076 3.0175781
5.0867496 -2.7555971 3.0273438
5.1014323 -4.4623017 3.0371094
5.1186242 -4.6034904 3.046875
5.1350837 -4.7989187 3.0566406
5.1504698 -4.2935462 3.0664063
5.1660876 -3.4589319 3.0761719
5.1835899 -3.5687537 3.0859375
5.2003589 -5.3902717 3.0957031
5.216043  -5.0527601 3.1054688
5.2329984 -5.4551659 3.1152344
5.2497144 -9.3008575 3.125
5.264833  -6.2485785 3.1347656
5.2830071 -9.6853819 3.1445313
5.3004704 -6.8059564 3.1542969
5.3173108 -9.4417486 3.1640625
5.3336372 -9.0797987 3.1738281
5.3483453 -8.4131212 3.1835938
5.3655329 -8.8226795 3.1933594
5.3811498 -6.7947059 3.203125
5.3997855 -7.8298898 3.2128906
5.4168358 -7.7794495 3.2226563
5.4334607 -7.4715166 3.2324219
5.4508209 -8.3351879 3.2421875
5.4667521 -8.1206112 3.2519531
5.4814796 -7.5820088 3.2617188
5.4987669 -8.005127 3.2714844
5.5162845 -8.355752 3.28125
5.5303955 -9.2690439 3.2910156
5.5481877 -8.9765339 3.3007813
5.5645652 -8.4336843 3.3105469
5.5820599 -8.8989735 3.3203125
5.5971918 -8.883029 3.3300781
5.6138396 -9.8095093 3.3398438
5.6296926 -9.3487654 3.3496094
5.6464815 -9.4064322 3.359375
5.6632547 -9.3591957 3.3691406
5.6806774 -9.1411915 3.3789063
5.6966867 -7.3633342 3.3886719
5.7133551 -7.3620677 3.3984375
5.7301741 -8.5633249 3.4082031
5.7466664 -8.8204441 3.4179688
5.7625895 -8.3250551 3.4277344
5.7802219 -9.1551247 3.4375
5.795608  -7.8516455 3.4472656
5.8129306 -7.4980407 3.4570313
5.8284674 -7.9002233 3.4667969
5.8449907 -7.2642417 3.4765625
5.8603864 -8.3519516 3.4863281
5.8790751 -9.6864252 3.4960938
5.8963208 -8.6538496 3.5058594
5.9139934 -8.2073364 3.515625
5.9296985 -8.6944551 3.5253906
5.9445634 -9.3556938 3.5351563
5.9603367 -8.4309282 3.5449219
5.9776754 -9.2797728 3.5546875
5.9938555 -10.093451 3.5644531
6.0108199 -8.2671642 3.5742188
6.0274334 -7.7166409 3.5839844
6.044064  -9.9258127 3.59375
6.0602493 -8.0415611 3.6035156
6.0772576 -8.8746099 3.6132813
6.0943904 -9.4211102 3.6230469
6.1100855 -7.9338999 3.6328125
6.1278195 -9.3181429 3.6425781
6.1424251 -7.4519963 3.6523438
6.1610723 -8.20823  3.6621094
6.1768913 -8.230731 3.671875
6.1931882 -9.7696486 3.6816406
6.2080207 -8.3037462 3.6914063
6.2258482 -8.1181526 3.7011719
6.2422023 -7.6998024 3.7109375
6.258265  -6.2569232 3.7207031
6.2758956 -9.7193565 3.7304688
6.2907729 -8.5502863 3.7402344
6.3085976 -8.7365513 3.75
6.3255916 -9.4382467 3.7597656
6.3420544 -8.3099308 3.7695313
6.3582077 -8.9115648 3.7792969
6.3755231 -8.3231182 3.7890625
6.3907194 -9.6768885 3.7988281
6.407402  -10.175183 3.8085938
6.4249167 -9.2862549 3.8183594
6.4416766 -9.1509523 3.828125
6.4573774 -8.6738167 3.8378906
6.474391  -9.626895 3.8476563
6.491426  -7.9318137 3.8574219
6.5058241 -8.8105354 3.8671875
6.5237584 -8.8449564 3.8769531
6.5398335 -7.6965241 3.8867188
6.5570483 -8.127615 3.8964844
6.5743327 -8.2328911 3.90625
6.5900402 -8.6613741 3.9160156
6.6053305 -9.3092022 3.9257813
6.6224999 -9.5439701 3.9355469
6.6394672 -8.3994122 3.9453125
6.65662   -7.8283997 3.9550781
6.6736665 -7.7623129 3.9648438
6.6900234 -8.2614269 3.9746094
6.7080359 -10.89476 3.984375
6.7231417 -7.9544635 3.9941406
6.7400784 -9.8091364 4.0039063
6.7566328 -8.2158298 4.0136719
6.7713881 -8.1849098 4.0234375
6.7880869 -8.5308399 4.0332031
6.8053737 -8.5613136 4.0429688
6.8221774 -10.413229 4.0527344
6.8377953 -10.199174 4.0625
6.8547206 -10.032579 4.0722656
6.8711638 -8.7591257 4.0820313
6.8877931 -9.4362345 4.0917969
6.9036098 -8.5110216 4.1015625

