MTS793|BTW|ENU|1|0|.|/|:|1|0|0|A

Data Header:                                                Time:     2.75      s         3/30/2023 10:27:51 AM
Data Acquisition: Timed
Station Name: 10504712.cfg
Test File Name: Tracción.tst
Axial Displacement Axial Force Running Time
mm        N         s
0.0016757986 -0.057145953 0.01953125
0.0065706205 4.9916654 0.029296875
0.021251373 19.740313 0.0390625
0.037798494 36.615059 0.048828125
0.054131228 51.18996 0.05859375
0.071393102 66.584648 0.068359375
0.08722885 80.777031 0.078125
0.10455047 97.836929 0.087890625
0.12096345 113.63134 0.09765625
0.13653411 128.74611 0.10742188
0.15344663 143.0498 0.1171875
0.16891238 157.80992 0.12695313
0.18630725 172.95346 0.13671875
0.20293988 188.33003 0.14648438
0.2194418 203.08398 0.15625
0.23539044 218.21991 0.16601563
0.25171819 233.53264 0.17578125
0.26894534 249.12134 0.18554688
0.28459868 262.04025 0.1953125
0.30220661 277.59491 0.20507813
0.3180809 292.01135 0.21484375
0.33536237 308.42661 0.22460938
0.3527886 322.59732 0.234375
0.36896095 338.47763 0.24414063
0.38615811 350.80148 0.25390625
0.40063155 364.57889 0.26367188
0.4177745 378.92877 0.2734375
0.4331294 393.45041 0.28320313
0.45054105 409.31256 0.29296875
0.46712077 424.83859 0.30273438
0.4834151 439.60544 0.3125
0.50090379 452.90872 0.32226563
0.51692325 466.93076 0.33203125
0.53366822 482.14828 0.34179688
0.54978418 494.32303 0.3515625
0.56544185 509.09155 0.36132813
0.58323932 524.00134 0.37109375
0.59918612 538.10217 0.38085938
0.61617362 551.80408 0.390625
0.63207483 564.95264 0.40039063
0.64799225 581.17584 0.41015625
0.66653967 594.87292 0.41992188
0.6827932 609.5816  0.4296875
0.69933528 621.54761 0.43945313
0.71462506 634.26709 0.44921875
0.73096532 646.19574 0.45898438
0.74681574 660.25116 0.46875
0.7648887 675.49426 0.47851563
0.78133917 689.07159 0.48828125
0.79807359 702.3067 0.49804688
0.81467754 715.40802 0.5078125
0.8315106 728.68671 0.51757813
0.84795713 742.23126 0.52734375
0.86487889 754.14874 0.53710938
0.88106388 768.21259 0.546875
0.89833272 781.72424 0.55664063
0.91460544 793.90393 0.56640625
0.92993873 805.42291 0.57617188
0.94831318 818.51758 0.5859375
0.96297663 830.83398 0.59570313
0.98057121 843.55255 0.60546875
0.99553186 854.77466 0.61523438
1.0119041 866.70251 0.625
1.0294738 879.13538 0.63476563
1.04653   892.04108 0.64453125
1.0631862 903.83459 0.65429688
1.0786673 915.36493 0.6640625
1.0951465 928.7146  0.67382813
1.1123371 939.85291 0.68359375
1.1287072 951.54474 0.69335938
1.1454875 963.01123 0.703125
1.161484  974.67426 0.71289063
1.1787889 986.9082  0.72265625
1.1943843 998.16901 0.73242188
1.2123758 1010.3732 0.7421875
1.2279311 1020.752  0.75195313
1.2441188 1032.1527 0.76171875
1.2608937 1042.7224 0.77148438
1.2783142 1054.0095 0.78125
1.2931216 1065.6823 0.79101563
1.311618  1076.0848 0.80078125
1.3267714 1085.8579 0.81054688
1.3444537 1097.2671 0.8203125
1.3601407 1107.4635 0.83007813
1.3768212 1115.278  0.83984375
1.3926636 1127.1149 0.84960938
1.4103587 1135.3917 0.859375
1.4269551 1146.787  0.86914063
1.4443865 1157.8324 0.87890625
1.4595605 1164.1229 0.88867188
1.476137  1174.7366 0.8984375
1.4936144 1184.4878 0.90820313
1.5103084 1193.8298 0.91796875
1.5253316 1203.9736 0.92773438
1.5415505 1212.0724 0.9375
1.5588199 1219.4547 0.94726563
1.5751761 1227.834  0.95703125
1.5927769 1236.7175 0.96679688
1.6088796 1246.0067 0.9765625
1.6260984 1252.8551 0.98632813
1.6424147 1262.1581 0.99609375
1.6583259 1268.9899 1.0058594
1.6748466 1276.7944 1.015625
1.6914724 1284.1538 1.0253906
1.7104418 1292.4379 1.0351563
1.725576  1299.2598 1.0449219
1.7423853 1305.35   1.0546875
1.7576388 1311.3647 1.0644531
1.7739086 1317.4729 1.0742188
1.791239  1323.0071 1.0839844
1.8077879 1330.4622 1.09375
1.8249569 1335.05   1.1035156
1.8419515 1341.3618 1.1132813
1.8570745 1346.0319 1.1230469
1.8747748 1349.6874 1.1328125
1.8911263 1354.0177 1.1425781
1.9077359 1358.4817 1.1523438
1.92486   1364.7595 1.1621094
1.941554  1368.8972 1.171875
1.957605  1371.9166 1.1816406
1.9744816 1375.3003 1.1914063
1.9910645 1377.6494 1.2011719
2.0082257 1379.8164 1.2109375
2.0239112 1382.3285 1.2207031
2.041045  1384.4135 1.2304688
2.057991  1386.6063 1.2402344
2.0753143 1387.4417 1.25
2.0908484 1387.6378 1.2597656
2.1072745 1388.8795 1.2695313
2.1229551 1388.9884 1.2792969
2.1402438 1389.8381 1.2890625
2.1573694 1389.6093 1.2988281
2.1744823 1389.1252 1.3085938
2.1899037 1387.7118 1.3183594
2.2073762 1385.28   1.328125
2.2231987 1382.9873 1.3378906
2.2405868 1382.4315 1.3476563
2.2577639 1377.7347 1.3574219
2.2726111 1376.4723 1.3671875
2.289887  1369.2473 1.3769531
2.3077941 1365.1952 1.3867188
2.3232524 1359.8527 1.3964844
2.3404548 1352.0465 1.40625
2.3572745 1348.5714 1.4160156
2.3748314 1338.4287 1.4257813
2.3899133 1327.4553 1.4355469
2.4061136 1312.3959 1.4453125
2.4237595 1292.7792 1.4550781
2.4409831 1263.019  1.4648438
2.4586396 1208.1539 1.4746094
2.5033214 -186.70052 1.484375
2.5146873 -39.675159 1.4941406
2.5095081 60.836823 1.5039063
2.5336783 -14.31115 1.5136719
2.547955  -7.832572 1.5234375
2.5636332 -4.6976657 1.5332031
2.5820613 -8.0627203 1.5429688
2.5976558 2.7694554 1.5527344
2.613507  -7.4192882 1.5625
2.6296105 -24.519041 1.5722656
2.6472809 -19.894987 1.5820313
2.6639278 -4.8393011 1.5917969
2.680589  -0.27537346 1.6015625
2.6986294 -3.6317854 1.6113281
2.7116239 -9.1622028 1.6210938
2.7312863 -13.643876 1.6308594
2.7483847 -14.608428 1.640625
2.7645075 -10.995269 1.6503906
2.7806025 -5.6906042 1.6601563
2.7962787 -6.4179301 1.6699219
2.8139627 -5.8940053 1.6796875
2.8296762 -8.3044167 1.6894531
2.8474483 -8.9709463 1.6992188
2.8632646 -10.665208 1.7089844
2.8802032 -8.6255369 1.71875
2.8968678 -8.0385799 1.7285156
2.91293   -7.2841349 1.7382813
2.9298213 -6.9722533 1.7480469
2.9465115 -9.4310198 1.7578125
2.962935  -9.8361816 1.7675781
2.9789741 -9.7083302 1.7773438
2.9969707 -8.8965893 1.7871094
3.0138867 -9.7717342 1.796875
3.0287242 -8.7667255 1.8066406
3.0442011 -8.61831  1.8164063
3.0631764 -10.02878 1.8261719
3.0783911 -10.35951 1.8359375
3.0950212 -10.045618 1.8457031
3.1114068 -9.4461441 1.8554688
3.1289093 -10.029897 1.8652344
3.1445622 -10.123402 1.875
3.1624289 -9.1779976 1.8847656
3.179548  -10.803043 1.8945313
3.1951385 -9.5555191 1.9042969
3.2115161 -10.715053 1.9140625
3.2254038 -8.0093746 1.9238281
3.2430341 -9.0261545 1.9335938
3.2614214 -10.039881 1.9433594
3.276777  -7.6456366 1.953125
3.2933803 -10.807141 1.9628906
3.3106022 -9.1611595 1.9726563
3.3260159 -8.4716082 1.9824219
3.3422554 -7.5402856 1.9921875
3.3600972 -10.492579 2.0019531
3.3755498 -8.0098209 2.0117188
3.3937113 -10.03027 2.0214844
3.410208  -10.099411 2.03125
3.4274595 -9.2107058 2.0410156
3.4433429 -8.7804346 2.0507813
3.4589803 -9.8642712 2.0605469
3.4754941 -9.8440056 2.0703125
3.4923172 -9.9850445 2.0800781
3.5077562 -9.6641483 2.0898438
3.5264747 -10.098964 2.0996094
3.5425806 -8.6825342 2.109375
3.5592508 -9.1847029 2.1191406
3.5761817 -8.1910191 2.1289063
3.5926161 -10.053739 2.1386719
3.6087191 -8.8626146 2.1484375
3.6261306 -10.446757 2.1582031
3.6413023 -9.6136332 2.1679688
3.6576307 -9.6498432 2.1777344
3.6761665 -9.7306814 2.1875
3.6906393 -10.142178 2.1972656
3.7072458 -10.875463 2.2070313
3.7253609 -9.8092852 2.2167969
3.7408974 -10.357648 2.2265625
3.7578905 -8.5823984 2.2363281
3.7739389 -9.0491772 2.2460938
3.7911506 -9.4728918 2.2558594
3.8072405 -9.8404293 2.265625
3.8230748 -10.122508 2.2753906
3.8393786 -7.9303236 2.2851563
3.8570786 -10.27979 2.2949219
3.8732018 -9.7841024 2.3046875
3.8872936 -9.493679 2.3144531
3.9038684 -10.818839 2.3242188
3.9229298 -11.817291 2.3339844
3.9380269 -9.8995123 2.34375
3.9555933 -11.476949 2.3535156
3.9720778 -9.7420063 2.3632813
3.9896657 -9.6897039 2.3730469
4.0058131 -10.374188 2.3828125
4.0227327 -11.507869 2.3925781
4.0385103 -10.242388 2.4023438
4.0571871 -9.5231829 2.4121094
4.0734739 -9.5795097 2.421875
4.0891008 -8.9962778 2.4316406
4.1061602 -8.6834278 2.4414063
4.1233578 -10.780245 2.4511719
4.1383724 -10.35355 2.4609375
4.1545868 -7.4627252 2.4707031
4.1721797 -9.7677116 2.4804688
4.1880889 -7.9624357 2.4902344
4.203721  -8.2687292 2.5
4.2209311 -9.6728649 2.5097656
4.2389836 -10.094345 2.5195313
4.2548728 -9.2782822 2.5292969
4.2708941 -10.574759 2.5390625
4.2856779 -9.8018351 2.5488281
4.303081  -10.060519 2.5585938
4.3200917 -10.092184 2.5683594
4.3369741 -10.558814 2.578125
4.3526559 -11.536256 2.5878906
4.3707385 -10.43059 2.5976563
4.3868489 -10.872632 2.6074219
4.4040995 -10.883361 2.6171875
4.4191103 -9.4097109 2.6269531
4.4364328 -10.151566 2.6367188
4.4529815 -9.7481165 2.6464844
4.46944   -10.163561 2.65625
4.4843769 -9.1746445 2.6660156
4.5026698 -7.6095762 2.6757813
4.5190897 -9.1870127 2.6855469
4.5344977 -9.0199709 2.6953125
4.5522346 -10.164976 2.7050781
4.5688829 -8.6078053 2.7148438
4.586163  -10.548532 2.7246094
4.602921  -9.5105171 2.734375
4.6186528 -9.1025238 2.7441406

