MTS793|BTW|ENU|1|0|.|/|:|1|0|0|A

Data Header:                                                Time:     1.9658203 s         3/30/2023 1:09:57 PM
Data Acquisition: Timed
Station Name: 10504712.cfg
Test File Name: Tracción.tst
Axial Displacement Axial Force Running Time
mm        N         s
-0.00043252949 -1.2723356 0.020507813
0.00031054951 -1.0564178 0.030273438
0.0061523984 3.7769227 0.040039063
0.021349499 14.073551 0.049804688
0.040352181 26.101545 0.059570313
0.058270387 36.407635 0.069335938
0.074827045 46.355202 0.079101563
0.092190459 56.847782 0.088867188
0.10884495 67.505539 0.098632813
0.1244379 77.780708 0.10839844
0.14056838 88.091049 0.11816406
0.15820365 98.586678 0.12792969
0.17362158 108.31908 0.13769531
0.19048862 118.09021 0.14746094
0.20744407 128.59926 0.15722656
0.22385086 139.56546 0.16699219
0.23955463 149.46654 0.17675781
0.25636524 159.40033 0.18652344
0.27272174 169.5665 0.19628906
0.28950939 179.38353 0.20605469
0.30572361 189.16495 0.21582031
0.32245705 199.92374 0.22558594
0.33950254 209.74376 0.23535156
0.35582578 220.39592 0.24511719
0.37218678 229.49457 0.25488281
0.38908359 238.69104 0.26464844
0.40488482 248.25543 0.27441406
0.4214009 258.19464 0.28417969
0.43737039 268.65378 0.29394531
0.45453423 278.78708 0.30371094
0.47112781 288.04922 0.31347656
0.48751876 297.07944 0.32324219
0.50456309 306.74295 0.33300781
0.52116781 316.38666 0.34277344
0.5374006 326.16318 0.35253906
0.55566621 336.66791 0.36230469
0.57177168 346.50653 0.37207031
0.58835363 355.2258 0.38183594
0.60495025 364.70026 0.39160156
0.62074453 373.97946 0.40136719
0.63827491 383.60352 0.41113281
0.65474069 393.2482 0.42089844
0.67132252 402.76981 0.43066406
0.68707979 411.36359 0.44042969
0.70433307 420.38531 0.45019531
0.72075552 429.53192 0.45996094
0.73715466 438.75769 0.46972656
0.75373453 447.90671 0.47949219
0.7704128 457.14633 0.48925781
0.78702569 465.57474 0.49902344
0.80332994 474.20694 0.50878906
0.8193571 482.44473 0.51855469
0.83643979 491.26984 0.52832031
0.85265785 500.36545 0.53808594
0.86922449 509.31448 0.54785156
0.88544029 517.59967 0.55761719
0.90191007 526.29626 0.56738281
0.91842943 534.5061 0.57714844
0.93555486 542.9118 0.58691406
0.95214486 551.3056 0.59667969
0.96875852 560.2655 0.60644531
0.98561025 569.33209 0.61621094
1.0016009 577.33759 0.62597656
1.0186499 584.98883 0.63574219
1.0354244 592.45282 0.64550781
1.0506437 600.8175  0.65527344
1.0679961 609.41614 0.66503906
1.0847496 617.76727 0.67480469
1.1012176 625.27466 0.68457031
1.1173224 632.26141 0.69433594
1.134298  639.76355 0.70410156
1.1501505 647.7019  0.71386719
1.1674788 655.4408  0.72363281
1.1834469 663.82135 0.73339844
1.2001719 670.50134 0.74316406
1.2169014 677.97418 0.75292969
1.2337337 684.85474 0.76269531
1.2502344 692.00586 0.77246094
1.266747  699.02118 0.78222656
1.2831302 706.87933 0.79199219
1.2994425 714.22241 0.80175781
1.317004  720.70648 0.81152344
1.3330899 727.51959 0.82128906
1.3493884 734.10602 0.83105469
1.3662808 740.37231 0.84082031
1.3824719 747.33087 0.85058594
1.3986171 754.0354  0.86035156
1.4158705 760.22931 0.87011719
1.4316257 766.33026 0.87988281
1.4488354 771.91858 0.88964844
1.4646553 777.74396 0.89941406
1.4813479 783.88336 0.90917969
1.4982735 789.46692 0.91894531
1.514649  795.95123 0.92871094
1.5313976 801.15485 0.93847656
1.5478866 806.3526  0.94824219
1.5640532 811.45721 0.95800781
1.5805501 816.52203 0.96777344
1.5979121 822.26813 0.97753906
1.6137143 827.104   0.98730469
1.629935  831.82782 0.99707031
1.6471021 836.1264  1.0068359
1.6633654 840.27271 1.0166016
1.6801782 844.9303  1.0263672
1.696969  849.37439 1.0361328
1.7134007 853.7392  1.0458984
1.7296305 857.48907 1.0556641
1.7467674 860.89868 1.0654297
1.7631471 864.28424 1.0751953
1.7793702 867.25201 1.0849609
1.7961252 870.60785 1.0947266
1.8124995 873.82709 1.1044922
1.8293567 876.31787 1.1142578
1.8459742 878.82068 1.1240234
1.8622595 880.93652 1.1337891
1.879253  882.5838  1.1435547
1.8949407 884.07458 1.1533203
1.911957  885.59827 1.1630859
1.9289593 887.27924 1.1728516
1.9454898 888.11731 1.1826172
1.962074  888.2771  1.1923828
1.97876   888.11902 1.2021484
1.9954741 887.2442  1.2119141
2.0116477 886.42542 1.2216797
2.0292149 885.41901 1.2314453
2.0455282 883.21393 1.2412109
2.0616779 880.52789 1.2509766
2.0785332 877.02557 1.2607422
2.0951743 873.55084 1.2705078
2.1117241 869.18024 1.2802734
2.1285539 863.51514 1.2900391
2.1449256 856.00397 1.2998047
2.1618154 845.00067 1.3095703
2.1789546 822.63776 1.3193359
2.1975071 754.18353 1.3291016
2.2234232 -6.479919 1.3388672
2.2426407 61.374531 1.3486328
2.2491441 31.534805 1.3583984
2.268234  -7.1126223 1.3681641
2.2853446 -8.0855188 1.3779297
2.3011134 -2.4776161 1.3876953
2.31846   4.6444683 1.3974609
2.3347914 2.2223592 1.4072266
2.3513703 -12.809783 1.4169922
2.3669069 -13.450459 1.4267578
2.3848743 0.51081181 1.4365234
2.4012115 5.8248639 1.4462891
2.4170682 1.9879639 1.4560547
2.4339566 -3.2138081 1.4658203
2.4506247 -6.7365913 1.4755859
2.4665101 -8.4710121 1.4853516
2.4837911 -6.7202749 1.4951172
2.5006635 -3.6112218 1.5048828
2.5169678 -1.6392022 1.5146484
2.5333757 -2.5264919 1.5244141
2.5493999 -2.4171174 1.5341797
2.5660071 -2.2006779 1.5439453
2.5823097 -2.5247784 1.5537109
2.5998611 -3.8977714 1.5634766
2.6166782 -4.4695287 1.5732422
2.6323323 -3.7890673 1.5830078
2.6493368 -2.5380402 1.5927734
2.6657262 -1.5263259 1.6025391
2.6822608 -2.8114021 1.6123047
2.6985347 -3.4073739 1.6220703
2.7152345 -4.0920825 1.6318359
2.7317462 -4.4231119 1.6416016
2.7484522 -4.9813089 1.6513672
2.7654908 -4.1147323 1.6611328
2.7816758 -3.3529103 1.6708984
2.7981999 -3.0793996 1.6806641
2.8146031 -3.4934282 1.6904297
2.8320191 -4.0590019 1.7001953
2.84833   -4.7615914 1.7099609
2.864305  -4.4633446 1.7197266
2.881207  -3.7742405 1.7294922
2.8976204 -3.4689159 1.7392578
2.914181  -3.4356861 1.7490234
2.9301629 -3.2737851 1.7587891
2.9471805 -3.7530808 1.7685547
2.9639328 -4.2681398 1.7783203
2.9799445 -3.6694856 1.7880859
2.9961972 -3.7636609 1.7978516
3.0133693 -3.7515163 1.8076172
3.0301549 -3.8992615 1.8173828
3.0471509 -4.1750073 1.8271484
3.0635905 -4.3500214 1.8369141
3.0792809 -3.6109984 1.8466797
3.0964491 -3.7546456 1.8564453
3.1130292 -3.4636259 1.8662109
3.1299722 -3.819242 1.8759766
3.1460779 -4.2822213 1.8857422
3.1624672 -4.3988228 1.8955078
3.1793928 -4.6031923 1.9052734
3.1958957 -4.2775273 1.9150391
3.212775  -3.4777074 1.9248047
3.2287159 -3.2371283 1.9345703
3.2454925 -4.4149904 1.9443359
3.2618399 -4.1322412 1.9541016
3.2787964 -4.7394633 1.9638672

