MTS793|BTW|ENU|1|0|.|/|:|1|0|0|A

Data Header:                                                Time:     1.9814453 s         3/30/2023 1:07:59 PM
Data Acquisition: Timed
Station Name: 10504712.cfg
Test File Name: Tracción.tst
Axial Displacement Axial Force Running Time
mm        N         s
0.00072153052 1.3475865 0.020507813
0.0038364204 3.4814329 0.030273438
0.016401406 11.1828 0.040039063
0.033481091 20.960123 0.049804688
0.050359663 32.196194 0.059570313
0.066909753 43.17902 0.069335938
0.084298782 53.708107 0.079101563
0.10035489 64.498558 0.088867188
0.11726308 74.901802 0.098632813
0.13356926 84.6082  0.10839844
0.15051751 94.481033 0.11816406
0.16656618 104.58402 0.12792969
0.18313499 115.96568 0.13769531
0.20002478 126.5873 0.14746094
0.21629134 136.21837 0.15722656
0.23314716 145.96239 0.16699219
0.24929261 155.91771 0.17675781
0.2669583 166.56645 0.18652344
0.28330371 176.65915 0.19628906
0.29943088 187.07692 0.20605469
0.31574681 197.02219 0.21582031
0.33279184 207.04507 0.22558594
0.34896725 216.94891 0.23535156
0.36590886 227.01271 0.24511719
0.38293386 236.86938 0.25488281
0.39922014 247.16302 0.26464844
0.41599298 257.35049 0.27441406
0.43211424 266.8295 0.28417969
0.44885916 276.09622 0.29394531
0.46507427 284.91632 0.30371094
0.48154917 295.02228 0.31347656
0.49841744 305.8147 0.32324219
0.51508194 315.14838 0.33300781
0.53156382 324.75546 0.34277344
0.54816008 334.16928 0.35253906
0.56539321 343.45502 0.36230469
0.58101034 352.36484 0.37207031
0.5981015 361.92352 0.38183594
0.61423618 371.8602 0.39160156
0.63070017 381.05698 0.40136719
0.64661855 390.52014 0.41113281
0.66332084 399.42651 0.42089844
0.68000734 408.2457 0.43066406
0.69683415 417.72134 0.44042969
0.71308142 427.31619 0.45019531
0.72965646 436.36215 0.45996094
0.74564111 445.38019 0.46972656
0.7629531 454.24115 0.47949219
0.7789669 463.33417 0.48925781
0.79593056 472.15967 0.49902344
0.81245607 481.42697 0.50878906
0.82926691 490.87616 0.51855469
0.84593636 499.33051 0.52832031
0.86206585 507.98749 0.53808594
0.87911332 516.10339 0.54785156
0.89541668 525.09949 0.55761719
0.91234607 533.67444 0.56738281
0.92869413 541.93457 0.57714844
0.94523269 550.97504 0.58691406
0.96197695 559.37408 0.59667969
0.97835863 567.35193 0.60644531
0.99395192 575.57477 0.61621094
1.0118366 583.38452 0.62597656
1.0273926 592.18781 0.63574219
1.0442483 600.90948 0.64550781
1.0607543 608.74927 0.65527344
1.0780411 616.30164 0.66503906
1.0944635 624.17841 0.67480469
1.1101744 631.84711 0.68457031
1.127719  640.03778 0.69433594
1.1438854 648.10425 0.70410156
1.1603913 655.80151 0.71386719
1.1771058 663.08539 0.72363281
1.1939507 670.10828 0.73339844
1.2100281 677.80505 0.74316406
1.2270458 685.10052 0.75292969
1.2432537 693.10461 0.76269531
1.2594998 700.34064 0.77246094
1.2759659 706.8053  0.78222656
1.2935882 714.15527 0.79199219
1.3090041 720.50189 0.80175781
1.3265356 727.60559 0.81152344
1.3421233 735.00336 0.82128906
1.3594602 741.75769 0.83105469
1.3760055 748.8111  0.84082031
1.3924152 754.70721 0.85058594
1.408796  760.9057  0.86035156
1.425166  767.25214 0.87011719
1.4425508 773.60797 0.87988281
1.458393  780.25293 0.88964844
1.4741873 786.02728 0.89941406
1.4915339 791.78424 0.90917969
1.5077747 797.72058 0.91894531
1.5245659 802.8598  0.92871094
1.5416605 808.70184 0.93847656
1.5586569 814.59241 0.94824219
1.5753078 820.48816 0.95800781
1.5911481 825.50958 0.96777344
1.6078522 829.95508 0.97753906
1.6245257 834.5083  0.98730469
1.6410768 839.22675 0.99707031
1.6574244 844.16467 1.0068359
1.6740783 849.39117 1.0166016
1.6905265 853.75146 1.0263672
1.7074933 857.25616 1.0361328
1.7240026 861.00055 1.0458984
1.7397339 864.90509 1.0556641
1.7567012 868.3739  1.0654297
1.7735715 871.89172 1.0751953
1.7898623 875.52142 1.0849609
1.8063185 878.43646 1.0947266
1.8232503 880.66479 1.1044922
1.8397233 882.65118 1.1142578
1.8562244 884.98865 1.1240234
1.8725919 887.21021 1.1337891
1.8894796 889.16064 1.1435547
1.9067743 890.7962  1.1533203
1.9238669 891.47961 1.1630859
1.9400779 890.15686 1.1728516
1.9563113 889.47339 1.1826172
1.9729416 889.01331 1.1923828
1.9897304 887.02271 1.2021484
2.0061748 883.43872 1.2119141
2.0223718 877.80579 1.2216797
2.0397863 869.8446  1.2314453
2.0568137 856.3653  1.2412109
2.0734935 825.26428 1.2509766
2.1071801 -105.57636 1.2607422
2.1240802 -6.1205773 1.2705078
2.1271973 51.965714 1.2802734
2.1466811 7.0354342 1.2900391
2.1621673 -3.2584369 1.2998047
2.1781943 -4.3357906 1.3095703
2.1957963 -3.3300371 1.3193359
2.2122858 8.2109127 1.3291016
2.228313  -0.078305602 1.3388672
2.2455163 -16.867668 1.3486328
2.2616727 -13.682917 1.3583984
2.278147  -0.71555376 1.3681641
2.2943232 4.7160683 1.3779297
2.3112953 2.8481336 1.3876953
2.3283844 -1.4680624 1.3974609
2.3440881 -5.5841355 1.4072266
2.3605294 -7.1132183 1.4169922
2.3770177 -5.145669 1.4267578
2.3943095 -3.2769144 1.4365234
2.4111371 -1.2925267 1.4462891
2.4279606 -1.1799484 1.4560547
2.4439692 -0.66511333 1.4658203
2.460115  -1.6660988 1.4755859
2.4777927 -3.9691477 1.4853516
2.4939394 -5.0909071 1.4951172
2.5098352 -3.9675088 1.5048828
2.5269697 -3.7693233 1.5146484
2.5430191 -2.173409 1.5244141
2.5596414 -1.7715991 1.5341797
2.5762115 -2.5384128 1.5439453
2.5924859 -3.6075711 1.5537109
2.609782  -4.5000019 1.5634766
2.6262531 -4.1627884 1.5732422
2.6429384 -3.6409497 1.5830078
2.6592355 -3.498271 1.5927734
2.6758702 -3.3015757 1.6025391
2.6920409 -3.1239538 1.6123047
2.7095065 -3.2327323 1.6220703
2.7253819 -3.5486369 1.6318359
2.7411535 -2.9741974 1.6416016
2.7580855 -3.0917673 1.6513672
2.7746577 -3.1983852 1.6611328
2.7918217 -3.618598 1.6708984
2.8082168 -3.8649888 1.6806641
2.8244593 -3.7447362 1.6904297
2.8416166 -3.4499912 1.7001953
2.8576808 -3.2868237 1.7099609
2.8739078 -3.7974119 1.7197266
2.8914216 -4.0022283 1.7294922
2.9076102 -3.559217 1.7392578
2.9246798 -4.4380875 1.7490234
2.9410551 -3.7361681 1.7587891
2.9572711 -3.1811743 1.7685547
2.9738913 -3.143996 1.7783203
2.9903967 -3.4269691 1.7880859
3.0068672 -4.0619078 1.7978516
3.0243969 -4.0268154 1.8076172
3.0405402 -4.2006373 1.8173828
3.0568917 -2.9794126 1.8271484
3.0740724 -3.1556935 1.8369141
3.0899062 -3.3626704 1.8466797
3.1071622 -4.0968509 1.8564453
3.1237919 -4.4895706 1.8662109
3.1400928 -3.8413703 1.8759766
3.1568682 -3.3219905 1.8857422
3.17344   -3.20822  1.8955078
3.189605  -3.7270041 1.9052734
3.2052314 -3.4797192 1.9150391
3.2224617 -4.1680784 1.9248047
3.2394378 -4.0436535 1.9345703
3.2555199 -3.8391352 1.9443359
3.2724068 -3.3030658 1.9541016
3.2887034 -3.1212716 1.9638672
3.3050406 -3.1377375 1.9736328

