MTS793|BTW|ENU|1|0|.|/|:|1|0|0|A

Data Header:                                                Time:     2.0048828 s         3/30/2023 1:16:09 PM
Data Acquisition: Timed
Station Name: 10504712.cfg
Test File Name: Tracción.tst
Axial Displacement Axial Force Running Time
mm        N         s
-0.001159776 0.1437217 0.017578125
-0.00119654 -0.07070601 0.02734375
0.0049625989 3.8871913 0.037109375
0.019861478 12.952015 0.046875
0.038004808 25.292263 0.056640625
0.055507291 36.190598 0.06640625
0.072770588 47.269016 0.076171875
0.089583874 57.091789 0.0859375
0.10627876 67.244766 0.095703125
0.12271427 77.449234 0.10546875
0.13915077 88.031219 0.11523438
0.15528256 98.657089 0.125
0.17228429 109.19943 0.13476563
0.18918745 119.42506 0.14453125
0.20552029 129.04182 0.15429688
0.22158635 139.07402 0.1640625
0.23777096 149.3974 0.17382813
0.25534385 160.31258 0.18359375
0.27123675 171.07941 0.19335938
0.28825116 180.2171 0.203125
0.30422407 189.92841 0.21289063
0.32057151 199.54294 0.22265625
0.33685535 209.9903 0.23242188
0.35383937 220.84073 0.2421875
0.37094763 230.96689 0.25195313
0.38736242 240.59973 0.26171875
0.40387923 249.67804 0.27148438
0.41980788 259.25583 0.28125
0.43634638 269.00961 0.29101563
0.45254275 279.25073 0.30078125
0.46892905 288.86859 0.31054688
0.48536158 298.59439 0.3203125
0.50259954 308.34378 0.33007813
0.51905912 318.05283 0.33984375
0.53586173 327.09753 0.34960938
0.55258781 337.20367 0.359375
0.5691548 346.64728 0.36914063
0.58539128 356.66281 0.37890625
0.6018436 365.91238 0.38867188
0.61829597 375.15805 0.3984375
0.63474953 383.88705 0.40820313
0.65149659 393.30228 0.41796875
0.66856253 403.42386 0.42773438
0.68529874 412.84442 0.4375
0.7010895 421.73975 0.44726563
0.71764797 429.91275 0.45703125
0.73420829 438.92148 0.46679688
0.75025767 448.09778 0.4765625
0.76696968 457.19266 0.48632813
0.78375041 466.88943 0.49609375
0.80044121 476.01953 0.50585938
0.81693429 485.00937 0.515625
0.83393651 493.77365 0.52539063
0.85058087 501.69998 0.53515625
0.86677265 510.61713 0.54492188
0.88319224 519.96002 0.5546875
0.8998695 528.91785 0.56445313
0.91675496 537.75531 0.57421875
0.93262851 545.78583 0.58398438
0.94923902 553.58478 0.59375
0.96603328 562.00262 0.60351563
0.98257536 570.82727 0.61328125
0.99930787 579.77966 0.62304688
1.0157474 587.617   0.6328125
1.0321081 595.29071 0.64257813
1.0493268 603.27197 0.65234375
1.0660074 611.38745 0.66210938
1.0819478 619.52527 0.671875
1.0982813 627.93164 0.68164063
1.1149414 635.94391 0.69140625
1.1325214 643.2677  0.70117188
1.1482893 651.23505 0.7109375
1.1648264 658.8186  0.72070313
1.1816007 666.36987 0.73046875
1.1979975 674.32874 0.74023438
1.2142965 681.888   0.75
1.2308758 689.02057 0.75976563
1.2473124 696.06787 0.76953125
1.2643632 702.90979 0.77929688
1.2801826 710.20557 0.7890625
1.2972267 717.45148 0.79882813
1.3130506 724.94171 0.80859375
1.32976   731.61359 0.81835938
1.3463867 738.1601  0.828125
1.3639889 745.0896  0.83789063
1.3798563 751.46252 0.84765625
1.3967463 758.28741 0.85742188
1.4127362 765.09998 0.8671875
1.429739  771.54523 0.87695313
1.4460813 777.77661 0.88671875
1.4624599 783.45721 0.89648438
1.4793553 789.18097 0.90625
1.4950647 794.77838 0.91601563
1.5118941 800.89038 0.92578125
1.5283192 807.19122 0.93554688
1.5452518 812.88452 0.9453125
1.5613095 818.22827 0.95507813
1.5781685 822.89661 0.96484375
1.5948019 828.45551 0.97460938
1.6121653 833.93555 0.984375
1.6279401 839.34064 0.99414063
1.645396  843.73181 1.0039063
1.6620104 848.25757 1.0136719
1.6785574 852.63879 1.0234375
1.695081  856.44794 1.0332031
1.7111528 860.96539 1.0429688
1.7284226 865.12555 1.0527344
1.7440389 869.18689 1.0625
1.7611959 872.81384 1.0722656
1.7777289 876.09784 1.0820313
1.7943227 879.29535 1.0917969
1.8101392 882.35822 1.1015625
1.8281202 885.1825  1.1113281
1.8436649 888.73065 1.1210938
1.8600148 890.8985  1.1308594
1.8768773 893.28369 1.140625
1.8931576 894.95923 1.1503906
1.9106889 896.22736 1.1601563
1.9268849 898.29498 1.1699219
1.9436778 899.32367 1.1796875
1.9598342 900.72632 1.1894531
1.9767445 900.78192 1.1992188
1.9925973 901.02838 1.2089844
2.0097461 900.32886 1.21875
2.0262225 899.96631 1.2285156
2.0434103 899.88446 1.2382813
2.0600533 898.98309 1.2480469
2.0771306 897.44843 1.2578125
2.0935042 895.63086 1.2675781
2.1095431 892.62347 1.2773438
2.1265922 890.11462 1.2871094
2.1431892 887.56055 1.296875
2.160809  884.84509 1.3066406
2.1765621 881.55743 1.3164063
2.1928866 876.96924 1.3261719
2.2092109 872.23279 1.3359375
2.2264349 867.4729  1.3457031
2.2435417 861.69403 1.3554688
2.2602222 855.94421 1.3652344
2.277092  849.10944 1.375
2.2934995 840.84155 1.3847656
2.3099103 831.44    1.3945313
2.3269343 820.35291 1.4042969
2.3437934 808.74371 1.4140625
2.3599386 795.93787 1.4238281
2.3769031 782.72913 1.4335938
2.3940516 768.80652 1.4433594
2.411175  753.51569 1.453125
2.4275551 737.6333  1.4628906
2.4440997 721.44952 1.4726563
2.460995  704.66846 1.4824219
2.4771416 686.90363 1.4921875
2.4949279 663.95282 1.5019531
2.5111639 630.98535 1.5117188
2.5496211 -113.96974 1.5214844
2.5490959 16.610771 1.53125
2.5687573 25.869011 1.5410156
2.5816946 3.6295505 1.5507813
2.5986009 -12.972429 1.5605469
2.6163864 -13.746768 1.5703125
2.6314409 -6.7306309 1.5800781
2.648392  0.82448125 1.5898438
2.6648028 -7.3870273 1.5996094
2.6817744 -19.482374 1.609375
2.6980577 -16.045198 1.6191406
2.7149935 -3.0418487 1.6289063
2.7312951 0.26732683 1.6386719
2.7481823 -5.3771586 1.6484375
2.764677  -9.9302082 1.6582031
2.7805781 -12.468248 1.6679688
2.7976449 -12.871325 1.6777344
2.8142121 -10.1991  1.6875
2.8308597 -8.4613266 1.6972656
2.8469872 -8.007288 1.7070313
2.863898  -8.8676062 1.7167969
2.8802729 -9.0754776 1.7265625
2.8968215 -9.2645731 1.7363281
2.9136946 -10.026917 1.7460938
2.9305501 -10.158345 1.7558594
2.9464202 -10.002255 1.765625
2.9634228 -9.576827 1.7753906
2.9797564 -9.0894108 1.7851563
2.9956565 -9.0882187 1.7949219
3.0126681 -8.9498606 1.8046875
3.0289497 -9.2258301 1.8144531
3.044807  -9.9305067 1.8242188
3.0624526 -10.809601 1.8339844
3.0791359 -10.278821 1.84375
3.0961869 -10.258928 1.8535156
3.1122406 -9.5216932 1.8632813
3.1283662 -8.6193533 1.8730469
3.1460748 -8.6174908 1.8828125
3.1616058 -9.5826387 1.8925781
3.1781592 -10.468141 1.9023438
3.1948373 -10.530054 1.9121094
3.2116592 -10.422617 1.921875
3.2279813 -9.6481295 1.9316406
3.2449951 -9.4475594 1.9414063
3.2606323 -8.8376551 1.9511719
3.2774236 -9.7807493 1.9609375
3.2940252 -10.438114 1.9707031
3.3103511 -10.532141 1.9804688
3.3272443 -10.021403 1.9902344
3.343246  -9.5744429 2

