MTS793|BTW|ENU|1|0|.|/|:|1|0|0|A

Data Header:                                                Time:     1.9580078 s         3/30/2023 1:02:03 PM
Data Acquisition: Timed
Station Name: 10504712.cfg
Test File Name: Tracción.tst
Axial Displacement Axial Force Running Time
mm        N         s
-0.00011454104 0.29049814 0.01953125
-0.00059737358 -0.49002469 0.029296875
0.00019493746 -0.55670738 0.0390625
-5.2561518e-05 0.15713274 0.048828125
0.0014075777 1.7062575 0.05859375
0.013922085 9.7884235 0.068359375
0.03048845 21.374821 0.078125
0.04700809 33.208878 0.087890625
0.064741775 44.655128 0.09765625
0.081894107 56.086109 0.10742188
0.099108227 68.659935 0.1171875
0.11587656 80.244469 0.12695313
0.13275179 91.71769 0.13671875
0.14893702 102.92918 0.14648438
0.16648757 113.8901 0.15625
0.18203048 124.24514 0.16601563
0.19876298 135.43666 0.17578125
0.21489057 146.92381 0.18554688
0.23124218 158.54314 0.1953125
0.24751085 169.39954 0.20507813
0.26454324 180.41246 0.21484375
0.28116959 191.06769 0.22460938
0.29676086 201.72476 0.234375
0.31341198 213.3187 0.24414063
0.33038035 224.36046 0.25390625
0.34740153 235.60234 0.26367188
0.3633534 245.48933 0.2734375
0.38035256 256.64896 0.28320313
0.39602554 267.08667 0.29296875
0.41280398 278.00293 0.30273438
0.42901295 288.78058 0.3125
0.44580927 299.30627 0.32226563
0.46284086 310.20447 0.33203125
0.47931275 320.57166 0.34179688
0.495269  331.05804 0.3515625
0.51276964 341.65488 0.36132813
0.52916861 352.64648 0.37109375
0.54505044 362.79492 0.38085938
0.56125861 373.41083 0.390625
0.57804143 383.3063 0.40039063
0.5951826 393.61746 0.41015625
0.61157948 403.45972 0.41992188
0.62700731 413.75757 0.4296875
0.64368123 424.87427 0.43945313
0.66045874 434.77948 0.44921875
0.67802298 445.22546 0.45898438
0.6944949 454.1376  0.46875
0.71121907 464.09055 0.47851563
0.72729617 474.75122 0.48828125
0.74300224 484.85516 0.49804688
0.76023692 495.03189 0.5078125
0.77709615 505.17392 0.51757813
0.79357398 514.39856 0.52734375
0.80991101 523.99481 0.53710938
0.82630259 533.46265 0.546875
0.84312183 543.80334 0.55664063
0.85925949 553.44965 0.56640625
0.87549049 563.22351 0.57617188
0.89293861 571.96271 0.5859375
0.90902823 580.85345 0.59570313
0.92594188 590.59528 0.60546875
0.94247407 600.07477 0.61523438
0.95829993 609.38818 0.625
0.97477126 618.60663 0.63476563
0.99100739 627.40405 0.64453125
1.0089734 636.32764 0.65429688
1.0247401 645.54346 0.6640625
1.0414668 654.44592 0.67382813
1.0582    663.89111 0.68359375
1.0746292 673.10583 0.69335938
1.090852  681.29474 0.703125
1.1076853 689.41827 0.71289063
1.1236525 697.72174 0.72265625
1.140229  706.21967 0.73242188
1.1569036 714.42169 0.7421875
1.1730386 723.01648 0.75195313
1.1898781 731.60254 0.76171875
1.2071068 739.38824 0.77148438
1.2237694 747.17963 0.78125
1.2403654 754.42346 0.79101563
1.257351  762.98199 0.80078125
1.2732502 771.30029 0.81054688
1.2903631 778.78955 0.8203125
1.3072296 786.15674 0.83007813
1.3238168 793.59662 0.83984375
1.3408033 800.86914 0.84960938
1.3576976 808.47791 0.859375
1.3739474 815.44843 0.86914063
1.3903441 823.12006 0.87890625
1.4070536 830.23102 0.88867188
1.4228634 836.56219 0.8984375
1.439737  842.94049 0.90820313
1.4563017 849.25897 0.91796875
1.4729177 855.41675 0.92773438
1.4892166 862.31226 0.9375
1.5054487 868.66022 0.94726563
1.5228106 874.26007 0.95703125
1.5392777 879.05328 0.96679688
1.5556782 884.62878 0.9765625
1.5724639 890.33441 0.98632813
1.588855  895.56824 0.99609375
1.6051874 901.35114 1.0058594
1.6221559 905.67969 1.015625
1.638373  910.3205  1.0253906
1.6554112 914.83057 1.0351563
1.6707946 919.62109 1.0449219
1.6872581 924.59497 1.0546875
1.7036699 929.58179 1.0644531
1.7205049 933.76007 1.0742188
1.7372051 938.51929 1.0839844
1.7537074 942.14471 1.09375
1.7712367 946.19092 1.1035156
1.7872717 950.27563 1.1132813
1.8039308 954.41064 1.1230469
1.8203598 958.00366 1.1328125
1.8371067 960.74969 1.1425781
1.853201  963.74188 1.1523438
1.8694407 966.02313 1.1621094
1.8869916 969.43884 1.171875
1.9033037 972.38367 1.1816406
1.9203868 974.27673 1.1914063
1.9359555 976.55225 1.2011719
1.9527559 977.99402 1.2109375
1.9698863 979.42603 1.2207031
1.9859374 980.97412 1.2304688
2.0028799 981.98889 1.2402344
2.0197492 982.29828 1.25
2.0363927 982.74713 1.2597656
2.0525482 981.64954 1.2695313
2.0691535 980.57513 1.2792969
2.0855    978.56824 1.2890625
2.1026032 976.34528 1.2988281
2.1186426 972.89874 1.3085938
2.136174  967.80725 1.3183594
2.1525748 961.6618  1.328125
2.169343  952.87781 1.3378906
2.1859074 941.46722 1.3476563
2.2026954 926.04834 1.3574219
2.2191048 903.13257 1.3671875
2.2372866 864.29785 1.3769531
2.2558424 770.03339 1.3867188
2.2798469 72.814224 1.3964844
2.2999864 60.827656 1.40625
2.3101768 8.8933859 1.4160156
2.3252327 -8.3674488 1.4257813
2.3429244 -6.7120047 1.4355469
2.3584619 2.5098026 1.4453125
2.37607   8.2402678 1.4550781
2.3927138 -3.5604835 1.4648438
2.4085112 -14.135316 1.4746094
2.4254401 -4.558712 1.484375
2.4425728 9.6111002 1.4941406
2.4589512 8.2594156 1.5039063
2.475522  0.58323145 1.5136719
2.4919891 -3.8890541 1.5234375
2.5077419 -6.0772152 1.5332031
2.5245245 -4.8945098 1.5429688
2.5414107 -1.4788657 1.5527344
2.5580072 1.1991709 1.5625
2.5742218 2.0311773 1.5722656
2.5912974 0.98459423 1.5820313
2.607348  -0.48667192 1.5917969
2.6243463 -2.207011 1.6015625
2.641449  -3.1099467 1.6113281
2.6573381 -2.1847339 1.6210938
2.6743362 -0.6698817 1.6308594
2.6910493 -0.081062317 1.640625
2.7066739 0.016689301 1.6503906
2.7234995 -1.1459738 1.6601563
2.7409415 -1.7563254 1.6699219
2.7562697 -1.707226 1.6796875
2.7732105 -1.9644946 1.6894531
2.7893956 -1.5185028 1.6992188
2.8062327 -1.8294901 1.7089844
2.8235416 -1.1722744 1.71875
2.8400183 -0.74796379 1.7285156
2.8569293 -1.096949 1.7382813
2.8727779 -1.2779236 1.7480469
2.8893292 -1.5544146 1.7578125
2.9063041 -1.5285611 1.7675781
2.9224765 -1.5123934 1.7773438
2.938849  -1.9301474 1.7871094
2.9548609 -1.3365597 1.796875
2.9720109 -1.1272728 1.8066406
2.9889622 -1.366809 1.8164063
3.0057275 -1.1099875 1.8261719
3.0217731 -1.47596  1.8359375
3.0391266 -2.610311 1.8457031
3.0549426 -1.8884242 1.8554688
3.0716801 -1.4798343 1.8652344
3.0884006 -1.6932189 1.875
3.1052775 -0.89593232 1.8847656
3.1214633 -1.1588633 1.8945313
3.1383407 -1.5799701 1.9042969
3.1546288 -2.0632148 1.9140625
3.1710837 -1.674071 1.9238281
3.1877947 -1.6888976 1.9335938
3.2042603 -1.3780594 1.9433594
3.2207985 -1.0697544 1.953125

