MTS793|BTW|ENU|1|0|.|/|:|1|0|0|A

Data Header:                                                Time:     1.9658203 s         3/30/2023 12:40:10 PM
Data Acquisition: Timed
Station Name: 10504712.cfg
Test File Name: Tracción.tst
Axial Displacement Axial Force Running Time
mm        N         s
0.00018659048 0.93236566 0.020507813
0.00045903726 1.1133403 0.030273438
0.0049928902 4.0860472 0.040039063
0.019486865 13.991892 0.049804688
0.035841122 25.86618 0.059570313
0.053006865 37.324429 0.069335938
0.068963818 49.6614 0.079101563
0.086208977 61.371552 0.088867188
0.10288019 72.737114 0.098632813
0.11947182 83.733719 0.10839844
0.13632263 94.425751 0.11816406
0.15192933 106.06297 0.12792969
0.16824915 117.35521 0.13769531
0.18526343 129.21683 0.14746094
0.2023056 140.53896 0.15722656
0.21804079 151.30222 0.16699219
0.23590021 162.26202 0.17675781
0.25144604 173.42851 0.18652344
0.268029  184.39903 0.19628906
0.28476092 195.99072 0.20605469
0.30197906 207.09381 0.21582031
0.31741476 217.32666 0.22558594
0.33442599 228.8036 0.23535156
0.3511388 239.23978 0.24511719
0.36740211 249.99239 0.25488281
0.38365763 260.9498 0.26464844
0.39998856 272.05289 0.27441406
0.41743597 282.83115 0.28417969
0.43364868 292.63586 0.29394531
0.45009297 303.17224 0.30371094
0.46628323 313.71628 0.31347656
0.48290786 324.64325 0.32324219
0.50005949 335.65149 0.33300781
0.51572722 345.69495 0.34277344
0.53332597 356.68158 0.35253906
0.55015427 366.55649 0.36230469
0.56609845 376.25946 0.37207031
0.58332908 387.37103 0.38183594
0.60037464 398.13959 0.39160156
0.61532187 408.42786 0.40136719
0.63219583 418.54053 0.41113281
0.64959192 427.83551 0.42089844
0.66595906 437.2189 0.43066406
0.68215281 447.1535 0.44042969
0.69850957 457.19653 0.45019531
0.71480823 467.84692 0.45996094
0.73187453 476.819  0.46972656
0.74839228 485.98819 0.47949219
0.76477838 495.57996 0.48925781
0.78179324 505.03558 0.49902344
0.79814541 513.61926 0.50878906
0.81377387 522.71375 0.51855469
0.83096951 531.8952 0.52832031
0.84759957 540.57196 0.53808594
0.86369342 548.63715 0.54785156
0.88033843 557.04498 0.55761719
0.89723349 565.13092 0.56738281
0.91377759 573.67133 0.57714844
0.92986822 581.35223 0.58691406
0.94689214 589.27008 0.59667969
0.96339047 596.58942 0.60644531
0.98025101 603.29803 0.61621094
0.99623001 609.77374 0.62597656
1.0127851 617.6474  0.63574219
1.0299038 623.74414 0.64550781
1.0460116 629.97827 0.65527344
1.0627729 635.43317 0.66503906
1.0792273 639.92932 0.67480469
1.095651  644.76801 0.68457031
1.1123458 649.01819 0.69433594
1.1290208 652.42682 0.70410156
1.14596   654.5498  0.71386719
1.1621248 655.48322 0.72363281
1.1793495 655.60327 0.73339844
1.1957252 654.01984 0.74316406
1.2125167 651.98914 0.75292969
1.2296232 648.43542 0.76269531
1.2458359 644.29248 0.77246094
1.2625484 639.51965 0.78222656
1.2791418 633.69116 0.79199219
1.2959734 627.83606 0.80175781
1.3133146 623.25171 0.81152344
1.3299512 618.67926 0.82128906
1.3463613 614.29779 0.83105469
1.3629278 610.04095 0.84082031
1.3790742 605.5174  0.85058594
1.3959852 601.8288  0.86035156
1.412645  598.27881 0.87011719
1.4300777 595.67847 0.87988281
1.4458097 593.05109 0.88964844
1.4624953 590.72699 0.89941406
1.4785855 588.32996 0.90917969
1.4953464 585.95306 0.91894531
1.5119032 583.73688 0.92871094
1.5279381 581.89117 0.93847656
1.5457617 580.62207 0.94824219
1.5616198 579.36829 0.95800781
1.5784124 577.93854 0.96777344
1.5952325 575.97284 0.97753906
1.6122459 574.43719 0.98730469
1.6286695 573.11395 0.99707031
1.6445844 571.65149 1.0068359
1.6615661 571.58624 1.0166016
1.6782403 570.22803 1.0263672
1.6949024 569.2041  1.0361328
1.7122173 567.70734 1.0458984
1.7276826 567.03241 1.0556641
1.744471  565.44897 1.0654297
1.7612945 565.45441 1.0751953
1.7787361 564.91071 1.0849609
1.7943021 564.21326 1.0947266
1.8109573 563.03021 1.1044922
1.8273391 561.8327  1.1142578
1.8447764 561.48981 1.1240234
1.86134   561.0755  1.1337891
1.87774   560.62695 1.1435547
1.8942564 560.27936 1.1533203
1.9109091 558.74664 1.1630859
1.9274751 557.77881 1.1728516
1.9438541 556.94855 1.1826172
1.9609632 556.1886  1.1923828
1.9766284 556.34729 1.2021484
1.9933909 555.45911 1.2119141
2.0102363 554.90692 1.2216797
2.0263939 554.37341 1.2314453
2.0434999 553.20764 1.2412109
2.0598657 552.84637 1.2509766
2.0765715 552.64618 1.2607422
2.092813  551.9881  1.2705078
2.1093538 552.35919 1.2802734
2.1269221 551.50787 1.2900391
2.1430609 550.53448 1.2998047
2.1598141 549.28192 1.3095703
2.1764829 549.0639  1.3193359
2.1931696 549.4375  1.3291016
2.2096176 548.93195 1.3388672
2.2264047 547.63367 1.3486328
2.2424717 546.74475 1.3583984
2.259563  545.99738 1.3681641
2.2760992 545.42792 1.3779297
2.2922401 544.90283 1.3876953
2.3093398 544.61072 1.3974609
2.3256698 543.43518 1.4072266
2.341965  541.83002 1.4169922
2.3590751 540.60187 1.4267578
2.3756082 539.22241 1.4365234
2.3915644 538.44476 1.4462891
2.4088349 537.00891 1.4560547
2.4247684 534.52618 1.4658203
2.4421382 529.83618 1.4755859
2.4584174 518.06842 1.4853516
2.4772706 446.41699 1.4951172
2.5011065 61.333626 1.5048828
2.5168986 -10.45376 1.5146484
2.530158  -22.532345 1.5244141
2.5446579 -4.6019258 1.5341797
2.5625174 -2.6959181 1.5439453
2.5785944 -2.7658792 1.5537109
2.5949521 -3.2705812 1.5634766
2.6115251 -8.7393074 1.5732422
2.6289451 -6.0199947 1.5830078
2.6439853 1.1524558 1.5927734
2.6616678 0.936836  1.6025391
2.6789589 -5.9901924 1.6123047
2.6943045 -8.7060776 1.6220703
2.7104414 -6.5670161 1.6318359
2.7269745 -4.5603514 1.6416016
2.7446456 -3.151372 1.6513672
2.7613068 -2.0337105 1.6611328
2.7779222 -3.4624338 1.6708984
2.7945087 -4.4204292 1.6806641
2.8108916 -4.8079343 1.6904297
2.8272846 -4.5152755 1.7001953
2.842999  -4.6850739 1.7099609
2.860395  -4.414618 1.7197266
2.8763754 -3.991574 1.7294922
2.8923082 -4.727468 1.7392578
2.9097545 -4.5189261 1.7490234
2.9262094 -4.6344099 1.7587891
2.9434066 -5.0027666 1.7685547
2.9596183 -5.2084775 1.7783203
2.9759872 -5.1828475 1.7880859
2.9919436 -5.3609905 1.7978516
3.0100911 -4.9906225 1.8076172
3.0258076 -4.568398 1.8173828
3.0424294 -4.0868669 1.8271484
3.0591512 -4.7966094 1.8369141
3.0752609 -3.9731712 1.8466797
3.0922568 -5.0410628 1.8564453
3.1085196 -5.7284536 1.8662109
3.124305  -4.7631559 1.8759766
3.142318  -5.3959341 1.8857422
3.1581318 -4.4654312 1.8955078
3.1748111 -4.2876601 1.9052734
3.1914859 -4.7899036 1.9150391
3.2073953 -4.9343705 1.9248047
3.2238784 -5.2433462 1.9345703
3.2407749 -5.5292993 1.9443359
3.2578046 -4.5615435 1.9541016
3.2737298 -4.9573927 1.9638672

