MTS793|BTW|ENU|1|0|.|/|:|1|0|0|A

Data Header:                                                Time:     2.1806641 s         3/30/2023 12:47:01 PM
Data Acquisition: Timed
Station Name: 10504712.cfg
Test File Name: Tracción.tst
Axial Displacement Axial Force Running Time
mm        N         s
0.000318815 0.73447824 0.020507813
0.00052812975 0.78566372 0.030273438
0.00014686957 0.46283007 0.040039063
0.00048899092 0.17434359 0.049804688
0.00076147262 -0.17091632 0.059570313
0.0083448831 5.5587292 0.069335938
0.023770355 16.80106 0.079101563
0.042682678 30.355528 0.088867188
0.058919307 42.631401 0.098632813
0.076915674 54.468586 0.10839844
0.092899404 65.574722 0.11816406
0.110075  76.959061 0.12792969
0.12685549 88.833496 0.13769531
0.14295618 100.48621 0.14746094
0.15952191 111.91293 0.15722656
0.17611405 123.61787 0.16699219
0.19287062 134.66344 0.17675781
0.20931517 145.07472 0.18652344
0.22496693 156.39722 0.19628906
0.2416891 167.08798 0.20605469
0.25831139 179.18556 0.21582031
0.27517086 190.36055 0.22558594
0.29229107 201.16225 0.23535156
0.30862665 212.14023 0.24511719
0.32467335 223.05548 0.25488281
0.34201512 234.16884 0.26464844
0.35764566 245.32742 0.27441406
0.37379527 256.27359 0.28417969
0.3910481 266.94888 0.29394531
0.40755406 277.4343 0.30371094
0.42376453 287.75   0.31347656
0.44096154 298.246  0.32324219
0.45723054 309.19864 0.33300781
0.47286624 320.28293 0.34277344
0.48936746 330.84662 0.35253906
0.5063864 341.07739 0.36230469
0.52294332 350.79449 0.37207031
0.5396899 361.28961 0.38183594
0.55623543 372.20865 0.39160156
0.57233793 382.96371 0.40136719
0.5894345 393.38007 0.41113281
0.60575241 403.37241 0.42089844
0.6225965 412.80054 0.43066406
0.63912666 423.42245 0.44042969
0.65484208 433.3309 0.45019531
0.67249471 443.73679 0.45996094
0.68799651 453.41776 0.46972656
0.70508307 463.1954 0.47949219
0.72113836 472.2858 0.48925781
0.7376557 481.3923  0.49902344
0.7539441 490.79645 0.50878906
0.7713263 500.71252 0.51855469
0.78834707 510.31937 0.52832031
0.80521256 519.22076 0.53808594
0.82113892 528.18945 0.54785156
0.83772528 536.17047 0.55761719
0.85442233 545.13   0.56738281
0.87095386 553.47943 0.57714844
0.88703299 562.39166 0.58691406
0.90312457 570.58826 0.59667969
0.9201749 577.93042 0.60644531
0.93687725 585.47498 0.61621094
0.95310527 592.86115 0.62597656
0.9698894 600.01727 0.63574219
0.98600501 606.92822 0.64550781
1.0028118 613.9444  0.65527344
1.0194279 620.28217 0.66503906
1.0355145 625.82574 0.67480469
1.0522608 630.40625 0.68457031
1.0693535 635.85187 0.69433594
1.0854796 640.38342 0.70410156
1.1023524 644.23206 0.71386719
1.1197134 647.52863 0.72363281
1.1353042 649.26617 0.73339844
1.1527337 649.94061 0.74316406
1.1689619 649.34857 0.75292969
1.1859219 647.8996  0.76269531
1.2021371 645.7699  0.77246094
1.2194065 642.5849  0.78222656
1.2353033 637.28088 0.79199219
1.2526351 631.90521 0.80175781
1.2694576 626.01855 0.81152344
1.2856771 620.57861 0.82128906
1.3021922 615.79767 0.83105469
1.3193783 611.13342 0.84082031
1.3363649 606.72052 0.85058594
1.3528755 602.32098 0.86035156
1.3691249 598.23877 0.87011719
1.3856032 594.3786  0.87988281
1.4017462 591.2074  0.88964844
1.4187583 588.26501 0.89941406
1.4354925 586.15033 0.90917969
1.4523587 583.81824 0.91894531
1.4686559 580.7478  0.92871094
1.4854591 578.39948 0.93847656
1.5018895 576.56958 0.94824219
1.5183688 575.0741  0.95800781
1.535236  573.95691 0.96777344
1.5516889 572.03625 0.97753906
1.5683031 570.49384 0.98730469
1.5846795 568.51373 0.99707031
1.6020935 567.04309 1.0068359
1.6189343 566.21295 1.0166016
1.6349488 565.5683  1.0263672
1.6512426 564.99469 1.0361328
1.6683202 563.36206 1.0458984
1.6850817 562.14178 1.0556641
1.701687  560.48499 1.0654297
1.717914  560.20111 1.0751953
1.7348577 559.41577 1.0849609
1.7518306 558.52856 1.0947266
1.7678412 557.54602 1.1044922
1.7843128 556.17334 1.1142578
1.8010588 555.07996 1.1240234
1.8181977 554.66119 1.1337891
1.8346417 553.8327  1.1435547
1.8507539 553.03546 1.1533203
1.867251  552.35339 1.1630859
1.8841271 551.76184 1.1728516
1.9007233 550.44519 1.1826172
1.9168829 549.60828 1.1923828
1.9337001 549.08881 1.2021484
1.9504021 548.4859  1.2119141
1.9663221 547.37982 1.2216797
1.9827487 546.36041 1.2314453
1.9997933 544.96783 1.2412109
2.0160236 543.58484 1.2509766
2.0331988 542.33783 1.2607422
2.0500004 541.49469 1.2705078
2.066381  539.95056 1.2802734
2.0831165 538.21704 1.2900391
2.1002312 535.04871 1.2998047
2.1166911 531.8949  1.3095703
2.1325874 526.08539 1.3193359
2.1494851 518.85107 1.3291016
2.1666636 509.2507  1.3388672
2.1825414 493.36243 1.3486328
2.2011502 421.36371 1.3583984
2.2246864 -38.777889 1.3681641
2.241184  12.78758  1.3779297
2.2525308 12.763441 1.3876953
2.2700217 -7.1211905 1.3974609
2.28636   -6.094873 1.4072266
2.3026218 -5.4431705 1.4169922
2.3199685 -3.9271264 1.4267578
2.3360381 0.10147691 1.4365234
2.3527377 -5.9415398 1.4462891
2.3692064 -13.065264 1.4560547
2.3860207 -8.7893009 1.4658203
2.4015028 -2.5562196 1.4755859
2.4186397 -1.8437952 1.4853516
2.4347587 -3.7593393 1.4951172
2.4520445 -5.9577823 1.5048828
2.4685247 -7.237196 1.5146484
2.4848912 -7.7681246 1.5244141
2.5015268 -6.4970551 1.5341797
2.5175111 -5.8668108 1.5439453
2.5341983 -5.4199991 1.5537109
2.5514939 -5.4662676 1.5634766
2.5678797 -4.9366055 1.5732422
2.5836835 -5.6171417 1.5830078
2.6008074 -6.1462073 1.5927734
2.6172063 -6.835535 1.6025391
2.6336367 -6.1810017 1.6123047
2.6503017 -6.1286983 1.6220703
2.666816  -6.0131402 1.6318359
2.6839018 -5.7041645 1.6416016
2.6999547 -5.5988879 1.6513672
2.7163782 -5.6745858 1.6611328
2.7335887 -6.4325333 1.6708984
2.7495022 -6.5214186 1.6806641
2.7660077 -6.7685547 1.6904297
2.7828646 -6.6082182 1.7001953
2.7997012 -6.2781572 1.7099609
2.8164055 -6.0931592 1.7197266
2.8330774 -5.8537722 1.7294922
2.8498259 -6.5141172 1.7392578
2.8655977 -6.4994392 1.7490234
2.8821442 -6.5895915 1.7587891
2.8998146 -6.7975373 1.7685547
2.9157808 -6.0275197 1.7783203
2.932343  -5.573854 1.7880859
2.9481933 -6.1547756 1.7978516
2.9653294 -6.0991197 1.8076172
2.9826567 -7.0263443 1.8173828
2.9986825 -6.3697996 1.8271484
3.0149069 -5.9746208 1.8369141
3.0307813 -5.9534607 1.8466797
3.0474563 -5.9231372 1.8564453
3.064486  -5.9651585 1.8662109
3.0803528 -6.1443448 1.8759766
3.0973334 -6.460175 1.8857422
3.1146238 -6.5400453 1.8955078
3.1306715 -5.9691072 1.9052734
3.1476915 -6.0613451 1.9150391
3.1639295 -6.7333879 1.9248047
3.1800599 -7.0822239 1.9345703
3.1968951 -6.7323446 1.9443359
3.213351  -6.3159318 1.9541016
3.2300344 -6.54988  1.9638672
3.2462397 -6.4068289 1.9736328
3.2624462 -6.2336774 1.9833984
3.2799866 -6.7569313 1.9931641
3.2969644 -6.6249819 2.0029297
3.3128977 -6.5159054 2.0126953
3.3292873 -6.7125263 2.0224609
3.3463829 -5.6361408 2.0322266
3.362721  -5.8622656 2.0419922
3.3794949 -6.3135476 2.0517578
3.395962  -6.4553318 2.0615234
3.4127338 -7.3280187 2.0712891
3.4282689 -6.2426925 2.0810547
3.4451852 -5.9741735 2.0908203
3.4622772 -6.3236804 2.1005859
3.4790938 -6.1222911 2.1103516
3.4952474 -6.8973751 2.1201172
3.5123346 -7.0255995 2.1298828
3.5280039 -6.7686291 2.1396484
3.5448582 -6.5807252 2.1494141
3.5603416 -5.5342169 2.1591797
3.5775614 -5.7196617 2.1689453
3.59443   -6.3830614 2.1787109

