MTS793|BTW|ENU|1|0|.|/|:|1|0|0|A

Data Header:                                                Time:     2.34375   s         3/30/2023 12:42:30 PM
Data Acquisition: Timed
Station Name: 10504712.cfg
Test File Name: Tracción.tst
Axial Displacement Axial Force Running Time
mm        N         s
0.00072951661 0.12263656 0.020507813
0.00027108472 0.30569732 0.030273438
1.2794044e-05 0.11473894 0.040039063
-0.00017262064 1.1570752 0.049804688
0.00071688555 1.7937273 0.059570313
0.010170612 7.6441469 0.069335938
0.026464812 18.510744 0.079101563
0.04313793 30.473768 0.088867188
0.06028742 42.73288 0.098632813
0.076583236 54.972095 0.10839844
0.093158774 66.668915 0.11816406
0.10944325 77.465401 0.12792969
0.1265479 88.704674 0.13769531
0.14300796 99.774597 0.14746094
0.15980771 111.27472 0.15722656
0.17623061 123.59   0.16699219
0.19286603 135.08484 0.17675781
0.20835714 146.03741 0.18652344
0.22538148 156.53722 0.19628906
0.24228093 167.61617 0.20605469
0.2585482 178.88129 0.21582031
0.27552679 190.49242 0.22558594
0.2913188 201.98018 0.23535156
0.30822179 213.04459 0.24511719
0.32484037 224.1835 0.25488281
0.34139526 234.29111 0.26464844
0.35808215 245.43881 0.27441406
0.37400684 256.14322 0.28417969
0.39089045 267.34351 0.29394531
0.4070515 278.23444 0.30371094
0.42394254 288.86139 0.31347656
0.44052449 299.28171 0.32324219
0.45763448 310.28802 0.33300781
0.47332075 321.11703 0.34277344
0.49066621 332.39557 0.35253906
0.50770438 343.08798 0.36230469
0.52363467 353.0079 0.37207031
0.5407384 363.71802 0.38183594
0.55706513 373.45081 0.39160156
0.57396561 383.82178 0.40136719
0.59030581 394.84686 0.41113281
0.60610199 405.13699 0.42089844
0.62299818 415.17819 0.43066406
0.6393277 425.23279 0.44042969
0.65571809 434.96411 0.45019531
0.67281038 445.26465 0.45996094
0.68889767 455.39337 0.46972656
0.70552158 465.58829 0.47949219
0.72133404 475.48438 0.48925781
0.73833543 484.91809 0.49902344
0.75490606 494.45416 0.50878906
0.77188307 503.00259 0.51855469
0.78837109 513.11353 0.52832031
0.80457902 522.26105 0.53808594
0.82079089 531.9325 0.54785156
0.83770531 541.12207 0.55761719
0.85462773 549.75531 0.56738281
0.87115699 557.89734 0.57714844
0.88822538 566.61957 0.58691406
0.90421122 574.97913 0.59667969
0.92041171 583.17859 0.60644531
0.93662322 590.88757 0.61621094
0.95343053 598.32837 0.62597656
0.97059572 605.06689 0.63574219
0.98723578 612.21442 0.64550781
1.0034479 619.30157 0.65527344
1.020465  626.24402 0.66503906
1.037524  632.39532 0.67480469
1.0534605 637.52478 0.68457031
1.0699548 642.27948 0.69433594
1.0871217 647.1322  0.70410156
1.1036946 651.22876 0.71386719
1.1194091 655.09155 0.72363281
1.1367691 657.49634 0.73339844
1.153136  659.48138 0.74316406
1.1695639 660.63483 0.75292969
1.1861171 659.59839 0.76269531
1.2029105 658.69739 0.77246094
1.2202168 656.33545 0.78222656
1.2367283 652.86328 0.79199219
1.2532344 648.87366 0.80175781
1.2696315 643.40149 0.81152344
1.286165  637.85492 0.82128906
1.3030339 633.08966 0.83105469
1.3198975 627.80402 0.84082031
1.336136  623.43561 0.85058594
1.3540602 619.04205 0.86035156
1.370028  615.02167 0.87011719
1.3863418 611.01251 0.87988281
1.4033124 606.93396 0.88964844
1.4205356 603.79968 0.89941406
1.4367609 601.17328 0.90917969
1.4534732 598.64508 0.91894531
1.470078  596.39191 0.92871094
1.4861877 593.60162 0.93847656
1.5029917 591.32642 0.94824219
1.5198747 588.73004 0.95800781
1.5359941 587.21857 0.96777344
1.5522496 585.94708 0.97753906
1.5692492 584.31549 0.98730469
1.5859544 582.47742 0.99707031
1.6022128 581.08929 1.0068359
1.6189392 578.98193 1.0166016
1.6354156 578.2453  1.0263672
1.6520865 577.05212 1.0361328
1.6686916 576.31964 1.0458984
1.6856285 575.64008 1.0556641
1.7023832 574.70251 1.0654297
1.7189866 573.37646 1.0751953
1.735523  572.43738 1.0849609
1.7518115 571.3606  1.0947266
1.7685344 570.79413 1.1044922
1.7847846 570.54901 1.1142578
1.8016597 569.30414 1.1240234
1.8182472 567.69177 1.1337891
1.8350849 566.72595 1.1435547
1.8510966 566.57422 1.1533203
1.868004  566.4093  1.1630859
1.884614  565.70398 1.1728516
1.9014804 565.04504 1.1826172
1.9177495 563.94556 1.1923828
1.9351723 563.90967 1.2021484
1.9516362 562.93304 1.2119141
1.9681383 562.94928 1.2216797
1.9849645 562.15881 1.2314453
2.0012777 561.77368 1.2412109
2.0182717 561.19427 1.2509766
2.0342131 560.06128 1.2607422
2.0505068 559.1463  1.2705078
2.067229  559.11792 1.2802734
2.0838659 558.7984  1.2900391
2.1010098 559.01752 1.2998047
2.1172013 558.49896 1.3095703
2.1336596 557.30298 1.3193359
2.1504405 556.44287 1.3291016
2.1664116 555.98291 1.3388672
2.1840494 556.21765 1.3486328
2.2007737 555.81177 1.3583984
2.2165747 555.76556 1.3681641
2.2339027 554.60382 1.3779297
2.2500775 553.61163 1.3876953
2.2662978 553.73419 1.3974609
2.2833779 553.19812 1.4072266
2.2994225 553.35034 1.4169922
2.3153362 553.49902 1.4267578
2.3329206 552.63464 1.4365234
2.3496971 551.60095 1.4462891
2.3654301 551.31342 1.4560547
2.382041  550.98523 1.4658203
2.3996246 551.13806 1.4755859
2.4157505 551.35297 1.4853516
2.4330108 550.25641 1.4951172
2.4485803 549.20825 1.5048828
2.4653099 548.65625 1.5146484
2.4813993 548.56366 1.5244141
2.4988961 548.14447 1.5341797
2.5148299 547.7962  1.5439453
2.5315146 548.22302 1.5537109
2.5485451 547.13782 1.5634766
2.5651841 546.70697 1.5732422
2.5813487 545.76471 1.5830078
2.5981593 545.22131 1.5927734
2.614363  545.21332 1.6025391
2.6307743 544.73083 1.6123047
2.6476912 544.41656 1.6220703
2.6645062 542.93512 1.6318359
2.6806006 541.86511 1.6416016
2.6963401 541.35376 1.6513672
2.7137928 540.55859 1.6611328
2.7306111 539.31964 1.6708984
2.7470691 537.50098 1.6806641
2.7635791 534.61694 1.6904297
2.7809026 530.7757  1.7001953
2.7972958 525.79309 1.7099609
2.8136413 519.79706 1.7197266
2.8307188 512.39532 1.7294922
2.84693   501.75    1.7392578
2.8843234 28.538704 1.7490234
2.8856061 66.510292 1.7587891
2.902678  -7.8042598 1.7685547
2.9175134 -18.155277 1.7783203
2.9341798 -6.0096383 1.7880859
2.9512665 -4.7747045 1.7978516
2.9682364 -0.54121017 1.8076172
2.9839554 -3.2553821 1.8173828
3.001349  -11.970475 1.8271484
3.0170519 -8.9441242 1.8369141
3.0339081 0.59038401 1.8466797
3.0495842 1.7347187 1.8564453
3.0666111 -4.40903  1.8662109
3.0833123 -8.3683434 1.8759766
3.1002436 -9.0150537 1.8857422
3.1163409 -7.9882889 1.8955078
3.1329505 -5.5366011 1.9052734
3.1497464 -4.7395377 1.9150391
3.1671133 -4.3498726 1.9248047
3.1829309 -4.8199296 1.9345703
3.2000453 -5.2386522 1.9443359
3.2157931 -6.9881229 1.9541016
3.2328227 -7.2687864 1.9638672
3.2489717 -6.2872467 1.9736328
3.2657125 -5.1494689 1.9833984
3.2813411 -4.5920906 1.9931641
3.2988853 -5.0536542 2.0029297
3.3152287 -5.9689579 2.0126953
3.3318136 -5.5301933 2.0224609
3.3480074 -6.4697862 2.0322266
3.3643677 -5.894527 2.0419922
3.3815653 -5.7305393 2.0517578
3.398572  -5.1464138 2.0615234
3.4144123 -5.2926688 2.0712891
3.4317207 -6.2006712 2.0810547
3.447593  -5.9215727 2.0908203
3.4643416 -5.4703655 2.1005859
3.4805496 -5.8052688 2.1103516
3.4964163 -5.6001544 2.1201172
3.5140102 -5.974546 2.1298828
3.530978  -6.3099713 2.1396484
3.5465419 -5.4753571 2.1494141
3.5632086 -5.9398265 2.1591797
3.5809629 -5.8718023 2.1689453
3.5971205 -5.9403477 2.1787109
3.6124227 -6.1357021 2.1884766
3.6294439 -6.6541882 2.1982422
3.6461964 -5.9750676 2.2080078
3.6624119 -6.408915 2.2177734
3.6789448 -5.7843328 2.2275391
3.6956768 -5.3614378 2.2373047
3.7121513 -5.4043531 2.2470703
3.7290654 -6.7861376 2.2568359
3.7454543 -6.4932556 2.2666016
3.7624326 -6.6125393 2.2763672
3.7780747 -5.8149548 2.2861328
3.7954464 -5.920455 2.2958984
3.8119249 -5.6964903 2.3056641
3.827915  -5.79983  2.3154297
3.845309  -6.3923001 2.3251953
3.8616109 -6.2980504 2.3349609

